// // // MATCH (n) DETACH DELETE n;
// MATCH (a)-[r]->(b) RETURN a, r, b;


// // SHOW VECTOR INDEX INFO;
// // MATCH (n:Entity {user_id: "test_user_memory_manager_optimized"}) 
// // return n;

// // MATCH (q:Query)
// // MATCH (n:Entity {user_id: "test_user_memory_manager_optimized"})
// // WHERE n.embedding IS NOT NULL
// // WITH collect(q) AS src, collect(n) AS dst
// // CALL node_similarity.cosine_pairwise("embedding", src, dst)
// // // WITH n, [[-0.009765292, -0.007336488, 0.009885705, -0.069582805, -0.0010914386, -0.01304896, 0.0037901707, 0.002237089, 0.012988573, 0.009502317, -0.019620556, -0.021610705, -0.00517641, -0.014692338, 0.11482164, 0.03123468, 0.0033951318, 0.02745785, -0.005646515, -0.01470388, -0.017310288, -0.020117054, 0.013309311, 0.0020301987, 0.02439094, 0.013076992, 0.0011434638, -0.0009524839, 0.0556149, 0.0062030163, 0.007367945, 0.027366757, -0.020692633, 0.033373058, 0.0059781554, -0.02015786, 0.017749567, 0.016738411, -0.010954886, 0.01644949, 0.0056585665, -0.023609214, 0.016039103, 0.01051382, -0.023425736, 0.0026207645, -0.010219263, -0.016741866, -0.0066315373, -0.004955204, -0.01176626, -0.018735932, -0.008412199, -0.15373786, 0.0025696084, 0.010137231, 0.015532624, -0.016163249, -0.009197285, 0.0045756763, 0.003978476, 0.05071841, -0.0049282233, -0.020286946, -0.019748764, 0.0026365353, 0.0055146664, -0.014205052, -0.012177037, -0.012329771, -0.027037878, -0.019550106, -0.023499066, -0.024935625, -0.009768792, -0.014476811, 0.0033109728, 0.013260733, 0.01985017, 0.03151664, 0.0015032418, 0.016651636, 0.008464026, 0.028274644, 0.0009851821, 0.013696763, 0.0015009118, -0.0396862, 0.014899516, -0.0067144386, -0.0260695, 0.0007156396, 0.0016198581, 0.019016989, -0.0013689485, 0.008211865, -0.023845214, 0.016076453, -0.000777702, 0.016528606, 0.005836895, 0.000897469, 0.02153022, -2.112601e-05, 0.0053783953, -0.023267707, 0.0027065233, -0.007687018, -0.0006536159, 0.010725822, -0.0011061993, 0.017188186, 0.0069044824, 0.00030869636, 0.0030449578, -0.16256168, -0.012559025, 0.015366268, -0.02509895, 0.011395845, -0.012498669, 0.0327674, -0.0029616626, 0.018302426, 0.01542793, 0.022807429, -0.0020563812, -0.013347787, 0.012148976, 0.008027221, -0.042697836, -0.007927428, 0.022633294, 0.0075216875, -0.0031954062, 0.002362155, -0.012548518, -0.011206558, -0.0063395505, -0.014650283, 0.005580731, -0.016389258, -0.0027446281, 0.0073319515, 0.0052542803, 0.00043164907, -0.017549276, -0.0032494662, 0.024610009, -0.013365981, 0.0018146335, -0.00802533, -0.02002195, -0.014589481, 0.026671397, -0.062659316, 0.033933267, 0.0070664105, -0.025651984, -0.003064314, -0.005348052, -0.020182503, -0.0059346566, 0.003964315, -0.023751587, 0.0049818982, 0.0018457565, 0.0038339025, 0.023250408, -0.00072591205, 0.011928626, -0.015492945, 0.0072345105, 0.0065261517, 0.017133962, -0.013429896, -0.0029509256, 0.011514202, 0.00053382205, -0.010308874, -0.016591407, 0.0060273837, 0.0057341205, 0.0039252355, -0.004556645, -0.014485176, -0.012197671, -0.016634565, 0.0042166533, 0.0050255167, -0.0031484584, 0.007315736, -0.0006239305, -0.019315325, -0.0043692514, 0.0076175607, 0.024506656, -0.0036751416, 0.00882236, 0.018688789, 0.00034748274, -0.0047171693, -0.0053781783, -0.007371774, -0.027605698, 0.01452609, 0.023016168, -0.014917944, -0.0049827024, 0.028646715, -0.0042133788, 0.00016026564, -0.0021953278, 0.002143256, 0.021517202, 0.00038386046, 0.020129288, -0.016844835, -0.0015023838, -0.0005954834, 0.0033059416, 0.001978743, 0.024551114, -0.0048184297, -0.0032388875, 0.0014082136, 0.010546726, -0.035599764, -0.024666391, 0.0072403722, 0.014422675, 0.022804042, -0.0037968184, 0.023585735, -0.0063132998, -0.009904099, 0.00887163, 0.010188572, 0.020014422, 0.012710374, -0.010429516, 0.013693288, -0.006229833, -0.021890549, -0.011446857, 0.026441839, -0.0020833097, 0.0030755666, -0.012781371, 0.01840807, -0.03289158, 0.0059735, -0.0007192556, -0.027312763, 0.013207763, -0.015766514, 0.008215762, -0.004088803, 0.023484271, -0.023699377, -0.006807289, -0.0026643737, -0.0028682346, -0.0028913969, -0.017927049, -0.017089754, 0.045137566, 0.01758614, -0.026215892, 0.003740824, -0.010385627, 0.0029970803, 0.003949576, 0.025959285, 0.011878219, -0.00013125666, -0.06532966, -0.0019103558, 0.013287454, 0.0046263593, 0.010475931, -0.0024333626, -0.015812986, -0.014292751, 0.0338034, -0.004275956, -0.04406209, -0.029216008, 0.015358722, -0.008984921, -0.0022751426, 0.0022757405, 0.0024666102, 0.02264008, -0.007228797, -0.0141220605, 0.028248677, -0.0034943798, -0.0035407164, 0.0182484, 0.01808482, 0.01811512, -0.0024249924, 0.018183453, -0.0050266036, -0.01345681, 0.035586074, 0.015172758, -0.002840626, -0.0016305436, -0.009406843, 0.017446175, 0.0149465315, -0.032954518, 0.004115004, -0.0101233395, -0.013481362, -0.028659113, 0.0039850967, -0.007953789, 0.0016368423, -0.00389792, 0.010100467, -0.00219458, -0.0041985386, -0.023281075, -0.011631779, -0.0008875172, 0.0028308022, 0.0032707765, 0.019233715, 0.03890351, 0.010655222, 0.00037765663, -0.013923087, -0.015869994, 0.013392821, 0.0130087845, -0.0042863176, 0.00059524644, -0.02592098, -0.0016942994, -0.011977866, -0.0013589239, -0.009644205, -0.004189255, 0.007120218, 0.03830466, -0.010198299, -0.014549873, 0.0012543219, 0.00886876, 0.028276946, 0.008580796, 0.009733619, 0.0060738134, -0.000592996, 0.0017870304, 0.009019942, 0.016142879, -0.009135727, -0.01898538, -0.016169801, 0.007993176, 0.0143951, -0.01589276, 0.0331567, -0.024151303, 0.016122034, 0.02137966, -0.0021285755, -0.01220381, -0.0029310742, -0.009485187, -0.01677903, 0.017045328, 0.0008671067, 0.021017736, 0.015794784, -0.0047850735, 0.011902257, 0.010987277, -0.012847968, 0.007253295, -0.027865123, 0.012570959, -0.005610292, -0.014563856, 0.010806426, 0.036137205, -0.019846011, 0.028371489, 0.005828326, -0.0107656475, -0.0027838824, 0.0109436875, -0.026231434, 0.012387039, 0.015035374, -0.008454937, 0.011615409, 0.0021507929, -0.025601476, 0.012995015, 0.007981202, -0.0369369, 0.011848016, 0.02990037, -0.02006121, -0.020952953, 0.005016551, -0.0019827886, 0.018737037, -0.014925039, 0.016417036, 0.02260085, -0.008610773, 0.00539903, 0.015484168, 0.013566897, -0.03153082, -0.00034763553, 0.008999349, -6.4510525e-05, -0.003705252, -0.025845585, -0.014338038, -0.027428653, -0.011128424, -0.013396826, -0.0028694407, 0.008750927, -0.0071726837, -0.021266736, -0.027795188, -0.017626714, -0.022497337, 0.008719933, -0.013339711, -0.0031682563, -0.020564402, -0.0119271055, 0.0019367809, -0.03316172, -0.010877158, 0.002111658, 0.018660061, -0.0070072305, 0.01114266, 0.024516312, 0.011121635, 0.023064392, 0.012190916, -0.0032450526, 0.024352351, -0.012912833, -0.007309057, -0.01608149, -0.00980124, 0.0066447896, -0.0014945219, 0.009155629, -0.0068091247, 0.002814574, 0.0012938766, -0.013963459, -0.009545847, 0.019841459, -0.021155877, 0.012921243, 0.003502262, 0.033952463, 0.005097534, 0.033786453, 0.015420532, 0.010493367, -0.010011889, -0.0073209843, -0.004039075, 0.0065539093, -0.0018547552, -0.029123312, -0.016946958, 0.009087742, 0.015146384, 0.0023979153, 0.0031925533, 0.010476336, -0.03069134, 0.005659669, 0.034682617, -0.009952299, 0.0101412805, -0.007477483, -0.028720854, -0.0008936722, -0.020519726, 0.0136168515, 0.02017713, 0.011775566, 0.056643646, -0.015735662, -0.016641542, -0.014419262, 0.0054260073, 0.012940945, 0.032477286, -0.03034672, 0.029283194, 0.006482522, -0.023712983, -0.0054811314, -0.004256315, 0.006352551, -0.03778758, 0.015149793, -0.019973028, 0.0011960318, 0.008468091, 0.012576787, 0.0008310136, -0.009123625, -0.016732011, 0.026875725, -0.022797443, -0.010854613, -0.0065362207, 0.0052410765, 0.014413337, 0.016307095, -0.01765328, 0.0012893365, -0.009652385, -0.033316948, 0.018842647, 0.004940683, 0.01783624, 0.0027100618, 0.014132752, 0.031751495, -0.018546714, -0.0274771, 0.0026434439, 0.023040488, 0.0003927791, -0.12288816, 0.026396664, -0.004023855, -0.005663573, -0.004071863, -0.00940259, -0.015070151, -0.012925396, -0.0073821275, -0.017193912, 0.0029232877, -0.011394286, -0.00079695584, -0.0015224966, -0.028218403, -0.026955385, 0.008484448, -0.00033638589, 0.025849026, -0.0036537126, 0.0008351454, 0.026218127, -0.005428403, -0.005239852, -0.00163505, -0.016342737, 0.0017819834, -0.027553478, 0.014568148, 0.0017958769, -0.021126477, -0.033806067, 0.010086007, -0.008646581, -0.0027047875, -0.012156631, -0.014384272, -0.009557304, -0.017896775, 0.0025085055, -0.009148267, 0.0023905262, -0.016339146, 0.0074814833, -0.013446413, 0.021652754, 0.021063004, 0.00046575002, -0.023325186, 0.01577165, -0.009767502, -0.015396663, 0.017678726, 0.0018286665, 0.0008363218, -0.012649094, -0.0042841374, -0.023692522, -0.029075028, 4.7071004e-05, 0.006429446, -0.027187727, -0.0062298854, 0.008185157, 0.003262772, -0.021541942, 0.0044130385, 0.01480019, -0.0020042218, 0.014897989, -0.0353769, 0.005211337, 0.010593952, 0.018200472, -0.010247581, 0.0014335953, 0.025989588, 0.043648537, 0.001818033, 0.005543737, 0.0028902977, -0.009553167, -0.07941557, -0.010195477, 0.010100223, -0.021514948, 0.0067641386, -0.0029833617, 0.012508621, 0.010921206, -0.0075694383, -0.009748693, -0.019240016, 0.031032424, -0.0046702004, -0.015349951, -0.00020865086, 0.019749288, 0.009930834, 0.015223339, -0.036100782, -0.04932732, 0.0079785995, 0.014270828, -0.0052789818, -0.027153296, -0.00014074947, 0.022204105, 0.004889789, 0.010563672, 0.002279865, -0.02145024, -0.04244043, -0.11537014, -0.007889703, -0.01303815, -0.00770719, -0.010257468, 0.0013072884, -0.01851248, 0.0069311224, -0.02807405, 0.008655771, 0.017969254, -0.047087356, -0.03485437, -0.009609063, -0.007610152, 0.15076964, -0.009327984, 0.012626312, -0.018359564, 0.00015449124, -0.0044086515, -0.01596753, -0.0017904938, -0.0112853, -0.0066658277, -0.0070395996, 0.0253282, -0.009514233, -0.006198843, 0.0019899432, 0.008414915, -0.010157835, 0.027093457, -0.010555574, 0.016307326, -0.0004789736, -0.01527388, -0.045978688, 0.005459215, 0.021869402, 0.0061260774, 0.03179844, 0.014108233, 0.018490909, -0.015373962, -0.01091137, 0.009732804, 0.0072131455, -0.018122809, -0.0044053253, -0.001571431, -0.072413586, -0.0023775182, 0.00026281163, -0.012494904, 0.0067588096, 0.012721821, -0.0060351472, 0.02312633, 0.015834376, 0.016208092, -0.0005174218, -0.0013163117, -0.012662281, -0.010338342, -0.013455962, 0.012795139, -0.009921454, -0.033754505, 0.010088366, -0.01606875, 0.029714502, -0.0034713815, -0.007362386, -0.0011889171, 0.010913625, 0.015253364, 0.021322804, 0.017719928, 0.0023648452, 0.016196419, 0.0071783843, -0.008990622, 0.0009974068, -0.018305719, -0.0397694, -0.019076178, -0.011278821, 0.022819642, -0.001650845, -0.016803272, 0.0051326863, 0.004023881, -0.0067167287, 0.011615871, -0.007568294, -0.014829344, -0.007559392, -0.008220734, 0.02712833, 0.009123493, -0.034113053, -0.022981927, -0.034302898, -0.005152119, -0.0019290859, -0.01875813, 0.007685344, 0.0069632316, 0.001796113, -0.00012549128, 0.00609995, -0.003337273, -0.010461453, -0.0019256832, 0.012513158, -0.012797124, 9.085211e-05, 0.0014284165, -0.020562518, -0.012662651, -0.02839934, -0.015698083, 0.014807928, -0.0033727172, -0.008399931, 0.013035964, 0.012196293, -0.0032169337, -0.014808897, -0.015770897, 0.008765095, -0.0016333782, 0.0074695866, 0.011108175, -0.0033092813, 0.010024884, -0.017467195, 0.009735635, -0.0076490566, -0.0034549008, 0.0119982995, 0.01769896, -0.008146503, 0.0120531125, 0.005734499, -0.013573445, -0.005571881, 0.005795203, -0.02384403, 0.012102445, -0.03365704, -0.011700811, -0.0029711525, 0.00582536, -0.013667216, 0.006466216, 0.002042344, 0.014780829, -0.0068861004, -0.00412038, -0.006734385, 0.00040537145, 0.0014917535, 0.023561418, -0.0018029923, 0.010242962, -0.005328339, -0.0016531548, -0.009161631, -0.018473368, -0.015685389, 0.014179462, -0.000733234, 0.012017873, -0.009237821, 0.0031090858, 0.004460545, 0.0010416069, 0.019966932, 0.007874738, 0.019166203, -0.0070579015, 0.016846115, 0.0022211059, -0.0005838615, 0.011536697, 0.0046890187, -0.004367056, 0.0048755235, -0.016554054, -0.020723235, -0.00041774425, -0.010403554, 0.005576495, 0.006813095, 0.00296361, -0.005236645, 0.031129442, -0.0018107037, -0.021824311, -0.00025182936, -0.004032423, -0.008527523, 0.0037510649, 0.019334529, -0.0057200775, 0.0070654578, -0.0010367548, 0.00034376062, -0.0050020823, 0.011572806, -0.0033655602, -0.015587674, 0.0044004284, -0.010628919, 0.0008968084, -0.005751228, -0.0044302642, -0.009836948, -0.0008549642, -0.019796997, 0.017616395, -0.0023270047, 0.013218302, -0.00804627, 0.0021808606, -0.004492891, 0.018472105, 0.0063739032, -0.0095796995, 0.0016212645, 0.020514004, -0.018343464, -0.02292265, 0.008757803, 0.012678153, 0.007785906, -0.0055404995, -0.009038754, 0.004384599, -0.011906062, -0.0024267158, -0.024757886, -0.0055543096, -0.0069026696, 0.020121513, 0.0042447005, -0.0010082716, 0.009245893, -0.00894669, -0.014561077, 0.035183214, 0.0028481504, 0.015854659, 0.025741111, 0.008421764, 5.4196258e-05, -0.018275207, 0.0071567707, 0.0058301226, 0.0033292107, 0.014777594, -0.0057775495, 0.00856902, 0.0013509906, -0.0041666445, -0.0034279078, -0.008453707, 0.0040084454, -0.00632431, -0.014028702, 0.0074841757, 0.0022163717, 0.00042211372, 0.0019361008, -0.0007915425, 0.008147875, 0.004439812, 0.014590358, -0.007606868, 0.0024764508, -0.0054289536, 0.008123268, -0.009278561, -0.005035757, 0.0080966875, -0.007793059, -0.017673822, 0.0120910825, -0.004010109, 0.01279297, -0.0116521325, -0.0062298314, 0.008838264, 0.018187294, 0.025112899, 0.026582085, -0.0024477586, 0.009525365, -0.0048170625, -0.0023807387, 0.004005855, -0.01686798, 0.0090267975, -0.018452061, 0.016576512, 0.0048013637, 0.012240279, -0.018241623, 0.09082521, 0.010393537, 0.007863692, 0.005835192, 0.011017041, -0.004474231, 0.003069106, -0.022835338, -0.002557478, -0.002015776, -0.006431847, -0.0015653278, -0.00871014, 0.00863418, -0.008109981, -0.008283825, 0.0017448207, 0.006505198, -0.0024751239, 0.0012180728, -0.007235291, 0.005912314, -0.007935855, -0.025781242, -1.1595769e-05, -0.0035658376, 0.017805213, -0.000117123695, 0.0042570154, 0.011349694, 0.0042212224, -0.009718276, -0.0066555394, -0.008169203, -0.0070257843, 0.005119183, 0.0065030484, 0.012284849, 0.015712751, 0.018162891, 0.0031684542, 0.010069804, 0.0064275037, -0.01446844, -0.00919597, 0.013327819, -0.013944345, 0.007084803, -0.00053979066, 0.001953281, -0.007545141, 0.0016720877, -0.011337223, 0.00268177, -0.00927458, -0.0034266054, 0.012966334, -0.0037676569, 0.012048823, -0.015389535, -0.008926366, -0.0010190539, -0.0056234193, 0.0029134424, 0.00029485524, -0.019344714, 0.020147404, 0.011372614, -0.004370646, -9.3963194e-05, -0.001181717, -0.0048001637, -0.009246346, -0.018867316, 0.03639711, 0.00348641, 0.0060880505, 0.00934371, -0.025014278, -0.027928118, -0.015762566, 0.014413149, -0.0013511841, 0.0059732655, 0.010164761, -0.0029516239, 0.016911393, -0.010983687, 0.017954228, -0.010338306, -0.01011497, 1.1408668e-05, 0.003877482, 0.0025096019, 0.004734099, 0.0029715027, 0.0947433, 0.0007599768, 0.0042573526, -0.009024301, -0.008974421, -0.010486468, 0.0059411526, 0.004077997, 0.01405402, 0.009991728, 0.019446317, 0.012023633, -0.013798607, -0.011212521, 0.0030576643, 0.0025357562, -0.0020186095, 0.0040415735, -0.00040090166, 0.0049961996, -0.007152111, 0.002054468, 0.0049594436, 0.015853394, 0.010992321, -0.0021363006, -0.0022594102, 0.0051417947, 0.005885918, -0.004915607, 0.0059041632, -0.014338579, -0.016932935, -0.0063592223, -0.00822247, 0.011483438, 0.018478287, 0.027748164, 0.0060787164, -0.0021899561, -0.0019001102, -0.0037534935, -0.014751592, 0.018326107, -0.01507871, -0.0016155073, -0.015189812, -0.0027838226, 0.0028178229, -0.0033541773, 0.006684862, -0.004267778, -0.0154445525, -0.01581564, -0.026202545, 0.003484564, 0.0029519123, -0.01158483, -0.00060455647, 0.009041663, -0.013278633, 0.013225436, -0.006107582, -0.012366372, -0.022801658, -0.00048587294, -0.0030251886, -0.0058596614, 0.023683105, 0.006605911, -0.007440939, 0.033995673, -0.0044671004, 0.0004590545, 5.8936737e-05, -0.012482213, -0.020154512, 0.00024401706, -0.0043859673, -1.7749466e-05, 0.0047553773, -0.02107187, 0.0006350131, -0.010072084, -0.00013314221, 0.0031727424, -0.0036229033, -0.0031508566, -0.004776215, -0.024367068, 0.006328015, 0.018226977, -0.0022719526, -0.007887428, -0.008545612, 0.0020633528, 0.005330145, 0.00025960404, -0.012920456, 0.019309634, -0.010362291, -0.012128521, 0.013546677, -0.007982274, 0.0085053835, 0.0036960181, 0.004138918, -0.01295447, 0.012508278, 0.0050365734, 0.010569577, 0.005659592, 0.022714298, -0.018097484, -0.013150281, -0.009444145, 0.019459544, 0.006459566, 0.0008797873, -0.017968219, 0.019048927, 0.00021524128, 0.00773422, -0.013684449, -0.00071632204, 0.0024436335, 0.012831436, 0.0027361806, 0.0042794626, -0.0061957897, -0.012143441, -0.0168588, -0.009146259, 0.01020286, -0.010911892, 0.012151737, -0.026915798, 0.011339651, -0.00082071056, 0.010713204, -0.0062738457, -0.00037341492, 0.00026290526, -0.015423331, 0.010916386, -0.0020081813, 0.00436989, 0.0030360932, -0.005657084, -0.0112309605, 0.00096620206, 0.008589122, 0.0066908984, -0.008244762, 0.0010526219, -0.0031941612, 0.000682533, 0.009970224, 0.0006050769, 0.011079802, -0.0038493536, -0.06610804, 0.0166769, 0.0033349008, 0.0010287518, 0.014164966, -0.004909019, 0.006173635, 0.00022175579, -0.0022294272, -0.013396282, 0.011020174, 0.004305481, 0.02262231, 0.012799896, 0.009840814, 0.0036276835, -0.0056390385, -0.0050907074, -0.0019522429, -0.0059297723, -0.005543218, 0.014247218, 0.011140607, -0.0028504974, -0.008984286, 0.011560288, -0.005758062, 0.0036503403, -0.022877669, 0.019660955, -0.014728699, 0.01118633, 0.011314011, 0.012300023, -0.0017646933, -0.0033020459, 0.007795055, -0.005700277, -0.014153068, -0.0057233395, 0.013759582, -0.005910768, 0.0010992608, -0.010673122, -0.00033733755, -0.011117865, 0.006227687, -0.01264533, -0.0038010678, 0.00092689594, 0.0028315915, 0.011951739, -0.014321122, -0.010081564, 0.010786255, -0.0031902594, 0.009409055, 0.009744077, -0.0005839769, 0.0074040345, 0.032852586, 0.01041852, 0.005343253, 0.0040690303, -0.011317134, 0.00468255, 0.0119101815, 0.0077983835, -0.0054099346, 0.013963581, 0.008151673, -0.0078827385, -0.015558561, 0.004197312, -0.00046720207, -0.007957418, 0.0059285653, 0.010687097, -0.0057024974, 0.002191862, 0.020479219, 0.021892915, 0.0031113413, 0.0071883737, 0.009580218, -0.0069993977, -0.0065844026, -0.0057636118, -0.014625949, -0.0012134074, -0.0026800437, -0.019514734, 0.0074238335, -0.020474955, 0.0012899432, 0.024250366, -0.0051980177, 0.0009964793, 0.008278435, 0.01881757, -0.011011251, -0.016392881, -0.016168227, 0.0065243826, 0.0031327284, -0.003926252, -8.968996e-05, -0.03431227, 0.0010792027, -0.013747317, -0.0036473991, 0.005852754, -0.009241657, 0.014806027, 0.0021712312, 0.0030201317, -0.015796136, -0.0128477495, 0.02176982, -0.012148399, -0.009299265, 0.013942613, -0.010220971, -0.008056869, 0.006103389, -0.0012506738, 0.015215399, -0.0039187563, 0.017777126, -0.002652956, 0.020221967, 0.012898867, 0.001203793, -0.0021310605, 0.0010077496, 0.0024593861, 0.024236588, 0.000901283, -0.011656931, 0.007897795, 0.003853082, -0.007906461, 0.020600054, -0.005450423, 0.0077849124, 0.014819091, 0.006425148, 0.023043446, 0.0010882104, 0.0015597304, -0.010913843, -0.008322132, -0.003923418, 0.004888576, 0.00076381, 0.0050966674, 0.012909939, -0.0022907576, 0.0069987476, -0.01606346, 0.016303392, 0.019295992, -0.01210313, -0.017221823, 0.018882588, 0.006166591, -0.0008988828, -0.011816317, -0.016131114, -0.004307137, -0.0027400597, -0.0061938306, 0.009701401, -0.008268587, 0.0016720555, 0.008937505, 0.029522695, 0.0069592744, 0.005230729, -0.011238108, -0.017799037, -0.0002721007, -0.026575105, 0.018262558, 0.0023338282, 0.0014243802, -0.0051451754, -0.0023158288, 0.004396793, 0.0034517492, 0.0061483006, -0.015643053, 0.013306655, -0.015901616, 0.005481956, 0.012438985, -0.021581115, 0.017251931, 0.0075409706, -0.008189527, -0.0029251245, 0.007687951, -0.0040005003, 0.0072970884, 0.0036157966, -0.08449022, -0.015318966, 0.0021262963, -0.01466189, 0.005668214, -0.012081597, -0.0109850215, 0.0075112064, -0.012303325, -0.0058007822, 0.0029414461, -0.01086282, -0.0045045726, -0.029105991, 0.007942923, -0.0045294357, 0.027183307, -0.032391004, 0.0072425734, -0.009852594, 0.00096894824, 0.013024923, 0.0017099627, 0.0066511934, -0.010854741, 0.00064856844, -0.001589127, -0.0131362025, 0.03365565, 0.014829601, -0.005727561, -0.009154286, 0.0027250533, -0.010737298, 0.003951621, -0.015229533, -0.007694722, 0.0012231073, -0.1401251, 0.0063041835, -0.0016710323, -0.0018084992, -0.006541031, -0.007747153, 0.011398225, 0.009787463, 0.007177411, -0.0027260976, -0.009070356, -0.020006474, -0.013724387, -0.0039371266, -0.0009313791, 0.01427824, -0.007632795, 0.00012637023, 0.018021304, 0.015262359, 0.015128214, -0.009392825, 0.0059425225, 0.0073401514, 0.010739931, 0.01350273, -0.011109004, -0.0020808994, 8.725371e-05, 0.0048684934, 0.002772149, -0.0019722995, -0.008833777, -0.0071056676, -0.027842943, 0.00899704, -0.0022935094, -0.0006425521, 0.009950558, 0.005599351, -0.0004937489, -0.0060073556, -0.011585279, -0.012098348, -0.003245122, 0.016685745, 0.0020248923, 0.0022283331, -0.012297988, -0.009058239, -0.008389692, 0.0058864015, -0.0022890077, -0.002708301, -0.0016532418, -0.004833978, -0.008722222, 0.0018526161, 0.024300482, 0.011090581, 0.01294485, 0.0059205857, -0.0116278995, -0.008130553, 0.012636695, 0.011406286, -0.0036132757, 0.026043229]] 
// // // as n_embedding
// // // CALL node_similarity.cosine_pairwise("embedding", [n_embedding], [n.embedding])
// // YIELD node1, node2, similarity
// // WITH node2, similarity
// // WHERE similarity >= 0
// // MATCH (node2)-[r]->(m:Entity)
// // RETURN node2.name AS source, id(node2) AS source_id,
// //                     type(r) AS relationship, id(r) AS relation_id,
// //                     m.name AS destination, id(m) AS destination_id,
// //                     similarity
// // WITH n, similarity
// // WHERE similarity >= 0.7
// // MATCH (n)-[r]->(m:Entity)
// // RETURN n.name AS source, id(n) AS source_id, type(r) AS relationship, id(r) AS relation_id, m.name AS destination, id(m) AS destination_id, similarity

// // CALL vector_search.search(
// //     "memzero", // 假设这是您向量索引的名称
// //     100,                   // 返回的最近邻居数量
// //     [-0.009765292, -0.007336488, 0.009885705, -0.069582805, -0.0010914386, -0.01304896, 0.0037901707, 0.002237089, 0.012988573, 0.009502317, -0.019620556, -0.021610705, -0.00517641, -0.014692338, 0.11482164, 0.03123468, 0.0033951318, 0.02745785, -0.005646515, -0.01470388, -0.017310288, -0.020117054, 0.013309311, 0.0020301987, 0.02439094, 0.013076992, 0.0011434638, -0.0009524839, 0.0556149, 0.0062030163, 0.007367945, 0.027366757, -0.020692633, 0.033373058, 0.0059781554, -0.02015786, 0.017749567, 0.016738411, -0.010954886, 0.01644949, 0.0056585665, -0.023609214, 0.016039103, 0.01051382, -0.023425736, 0.0026207645, -0.010219263, -0.016741866, -0.0066315373, -0.004955204, -0.01176626, -0.018735932, -0.008412199, -0.15373786, 0.0025696084, 0.010137231, 0.015532624, -0.016163249, -0.009197285, 0.0045756763, 0.003978476, 0.05071841, -0.0049282233, -0.020286946, -0.019748764, 0.0026365353, 0.0055146664, -0.014205052, -0.012177037, -0.012329771, -0.027037878, -0.019550106, -0.023499066, -0.024935625, -0.009768792, -0.014476811, 0.0033109728, 0.013260733, 0.01985017, 0.03151664, 0.0015032418, 0.016651636, 0.008464026, 0.028274644, 0.0009851821, 0.013696763, 0.0015009118, -0.0396862, 0.014899516, -0.0067144386, -0.0260695, 0.0007156396, 0.0016198581, 0.019016989, -0.0013689485, 0.008211865, -0.023845214, 0.016076453, -0.000777702, 0.016528606, 0.005836895, 0.000897469, 0.02153022, -2.112601e-05, 0.0053783953, -0.023267707, 0.0027065233, -0.007687018, -0.0006536159, 0.010725822, -0.0011061993, 0.017188186, 0.0069044824, 0.00030869636, 0.0030449578, -0.16256168, -0.012559025, 0.015366268, -0.02509895, 0.011395845, -0.012498669, 0.0327674, -0.0029616626, 0.018302426, 0.01542793, 0.022807429, -0.0020563812, -0.013347787, 0.012148976, 0.008027221, -0.042697836, -0.007927428, 0.022633294, 0.0075216875, -0.0031954062, 0.002362155, -0.012548518, -0.011206558, -0.0063395505, -0.014650283, 0.005580731, -0.016389258, -0.0027446281, 0.0073319515, 0.0052542803, 0.00043164907, -0.017549276, -0.0032494662, 0.024610009, -0.013365981, 0.0018146335, -0.00802533, -0.02002195, -0.014589481, 0.026671397, -0.062659316, 0.033933267, 0.0070664105, -0.025651984, -0.003064314, -0.005348052, -0.020182503, -0.0059346566, 0.003964315, -0.023751587, 0.0049818982, 0.0018457565, 0.0038339025, 0.023250408, -0.00072591205, 0.011928626, -0.015492945, 0.0072345105, 0.0065261517, 0.017133962, -0.013429896, -0.0029509256, 0.011514202, 0.00053382205, -0.010308874, -0.016591407, 0.0060273837, 0.0057341205, 0.0039252355, -0.004556645, -0.014485176, -0.012197671, -0.016634565, 0.0042166533, 0.0050255167, -0.0031484584, 0.007315736, -0.0006239305, -0.019315325, -0.0043692514, 0.0076175607, 0.024506656, -0.0036751416, 0.00882236, 0.018688789, 0.00034748274, -0.0047171693, -0.0053781783, -0.007371774, -0.027605698, 0.01452609, 0.023016168, -0.014917944, -0.0049827024, 0.028646715, -0.0042133788, 0.00016026564, -0.0021953278, 0.002143256, 0.021517202, 0.00038386046, 0.020129288, -0.016844835, -0.0015023838, -0.0005954834, 0.0033059416, 0.001978743, 0.024551114, -0.0048184297, -0.0032388875, 0.0014082136, 0.010546726, -0.035599764, -0.024666391, 0.0072403722, 0.014422675, 0.022804042, -0.0037968184, 0.023585735, -0.0063132998, -0.009904099, 0.00887163, 0.010188572, 0.020014422, 0.012710374, -0.010429516, 0.013693288, -0.006229833, -0.021890549, -0.011446857, 0.026441839, -0.0020833097, 0.0030755666, -0.012781371, 0.01840807, -0.03289158, 0.0059735, -0.0007192556, -0.027312763, 0.013207763, -0.015766514, 0.008215762, -0.004088803, 0.023484271, -0.023699377, -0.006807289, -0.0026643737, -0.0028682346, -0.0028913969, -0.017927049, -0.017089754, 0.045137566, 0.01758614, -0.026215892, 0.003740824, -0.010385627, 0.0029970803, 0.003949576, 0.025959285, 0.011878219, -0.00013125666, -0.06532966, -0.0019103558, 0.013287454, 0.0046263593, 0.010475931, -0.0024333626, -0.015812986, -0.014292751, 0.0338034, -0.004275956, -0.04406209, -0.029216008, 0.015358722, -0.008984921, -0.0022751426, 0.0022757405, 0.0024666102, 0.02264008, -0.007228797, -0.0141220605, 0.028248677, -0.0034943798, -0.0035407164, 0.0182484, 0.01808482, 0.01811512, -0.0024249924, 0.018183453, -0.0050266036, -0.01345681, 0.035586074, 0.015172758, -0.002840626, -0.0016305436, -0.009406843, 0.017446175, 0.0149465315, -0.032954518, 0.004115004, -0.0101233395, -0.013481362, -0.028659113, 0.0039850967, -0.007953789, 0.0016368423, -0.00389792, 0.010100467, -0.00219458, -0.0041985386, -0.023281075, -0.011631779, -0.0008875172, 0.0028308022, 0.0032707765, 0.019233715, 0.03890351, 0.010655222, 0.00037765663, -0.013923087, -0.015869994, 0.013392821, 0.0130087845, -0.0042863176, 0.00059524644, -0.02592098, -0.0016942994, -0.011977866, -0.0013589239, -0.009644205, -0.004189255, 0.007120218, 0.03830466, -0.010198299, -0.014549873, 0.0012543219, 0.00886876, 0.028276946, 0.008580796, 0.009733619, 0.0060738134, -0.000592996, 0.0017870304, 0.009019942, 0.016142879, -0.009135727, -0.01898538, -0.016169801, 0.007993176, 0.0143951, -0.01589276, 0.0331567, -0.024151303, 0.016122034, 0.02137966, -0.0021285755, -0.01220381, -0.0029310742, -0.009485187, -0.01677903, 0.017045328, 0.0008671067, 0.021017736, 0.015794784, -0.0047850735, 0.011902257, 0.010987277, -0.012847968, 0.007253295, -0.027865123, 0.012570959, -0.005610292, -0.014563856, 0.010806426, 0.036137205, -0.019846011, 0.028371489, 0.005828326, -0.0107656475, -0.0027838824, 0.0109436875, -0.026231434, 0.012387039, 0.015035374, -0.008454937, 0.011615409, 0.0021507929, -0.025601476, 0.012995015, 0.007981202, -0.0369369, 0.011848016, 0.02990037, -0.02006121, -0.020952953, 0.005016551, -0.0019827886, 0.018737037, -0.014925039, 0.016417036, 0.02260085, -0.008610773, 0.00539903, 0.015484168, 0.013566897, -0.03153082, -0.00034763553, 0.008999349, -6.4510525e-05, -0.003705252, -0.025845585, -0.014338038, -0.027428653, -0.011128424, -0.013396826, -0.0028694407, 0.008750927, -0.0071726837, -0.021266736, -0.027795188, -0.017626714, -0.022497337, 0.008719933, -0.013339711, -0.0031682563, -0.020564402, -0.0119271055, 0.0019367809, -0.03316172, -0.010877158, 0.002111658, 0.018660061, -0.0070072305, 0.01114266, 0.024516312, 0.011121635, 0.023064392, 0.012190916, -0.0032450526, 0.024352351, -0.012912833, -0.007309057, -0.01608149, -0.00980124, 0.0066447896, -0.0014945219, 0.009155629, -0.0068091247, 0.002814574, 0.0012938766, -0.013963459, -0.009545847, 0.019841459, -0.021155877, 0.012921243, 0.003502262, 0.033952463, 0.005097534, 0.033786453, 0.015420532, 0.010493367, -0.010011889, -0.0073209843, -0.004039075, 0.0065539093, -0.0018547552, -0.029123312, -0.016946958, 0.009087742, 0.015146384, 0.0023979153, 0.0031925533, 0.010476336, -0.03069134, 0.005659669, 0.034682617, -0.009952299, 0.0101412805, -0.007477483, -0.028720854, -0.0008936722, -0.020519726, 0.0136168515, 0.02017713, 0.011775566, 0.056643646, -0.015735662, -0.016641542, -0.014419262, 0.0054260073, 0.012940945, 0.032477286, -0.03034672, 0.029283194, 0.006482522, -0.023712983, -0.0054811314, -0.004256315, 0.006352551, -0.03778758, 0.015149793, -0.019973028, 0.0011960318, 0.008468091, 0.012576787, 0.0008310136, -0.009123625, -0.016732011, 0.026875725, -0.022797443, -0.010854613, -0.0065362207, 0.0052410765, 0.014413337, 0.016307095, -0.01765328, 0.0012893365, -0.009652385, -0.033316948, 0.018842647, 0.004940683, 0.01783624, 0.0027100618, 0.014132752, 0.031751495, -0.018546714, -0.0274771, 0.0026434439, 0.023040488, 0.0003927791, -0.12288816, 0.026396664, -0.004023855, -0.005663573, -0.004071863, -0.00940259, -0.015070151, -0.012925396, -0.0073821275, -0.017193912, 0.0029232877, -0.011394286, -0.00079695584, -0.0015224966, -0.028218403, -0.026955385, 0.008484448, -0.00033638589, 0.025849026, -0.0036537126, 0.0008351454, 0.026218127, -0.005428403, -0.005239852, -0.00163505, -0.016342737, 0.0017819834, -0.027553478, 0.014568148, 0.0017958769, -0.021126477, -0.033806067, 0.010086007, -0.008646581, -0.0027047875, -0.012156631, -0.014384272, -0.009557304, -0.017896775, 0.0025085055, -0.009148267, 0.0023905262, -0.016339146, 0.0074814833, -0.013446413, 0.021652754, 0.021063004, 0.00046575002, -0.023325186, 0.01577165, -0.009767502, -0.015396663, 0.017678726, 0.0018286665, 0.0008363218, -0.012649094, -0.0042841374, -0.023692522, -0.029075028, 4.7071004e-05, 0.006429446, -0.027187727, -0.0062298854, 0.008185157, 0.003262772, -0.021541942, 0.0044130385, 0.01480019, -0.0020042218, 0.014897989, -0.0353769, 0.005211337, 0.010593952, 0.018200472, -0.010247581, 0.0014335953, 0.025989588, 0.043648537, 0.001818033, 0.005543737, 0.0028902977, -0.009553167, -0.07941557, -0.010195477, 0.010100223, -0.021514948, 0.0067641386, -0.0029833617, 0.012508621, 0.010921206, -0.0075694383, -0.009748693, -0.019240016, 0.031032424, -0.0046702004, -0.015349951, -0.00020865086, 0.019749288, 0.009930834, 0.015223339, -0.036100782, -0.04932732, 0.0079785995, 0.014270828, -0.0052789818, -0.027153296, -0.00014074947, 0.022204105, 0.004889789, 0.010563672, 0.002279865, -0.02145024, -0.04244043, -0.11537014, -0.007889703, -0.01303815, -0.00770719, -0.010257468, 0.0013072884, -0.01851248, 0.0069311224, -0.02807405, 0.008655771, 0.017969254, -0.047087356, -0.03485437, -0.009609063, -0.007610152, 0.15076964, -0.009327984, 0.012626312, -0.018359564, 0.00015449124, -0.0044086515, -0.01596753, -0.0017904938, -0.0112853, -0.0066658277, -0.0070395996, 0.0253282, -0.009514233, -0.006198843, 0.0019899432, 0.008414915, -0.010157835, 0.027093457, -0.010555574, 0.016307326, -0.0004789736, -0.01527388, -0.045978688, 0.005459215, 0.021869402, 0.0061260774, 0.03179844, 0.014108233, 0.018490909, -0.015373962, -0.01091137, 0.009732804, 0.0072131455, -0.018122809, -0.0044053253, -0.001571431, -0.072413586, -0.0023775182, 0.00026281163, -0.012494904, 0.0067588096, 0.012721821, -0.0060351472, 0.02312633, 0.015834376, 0.016208092, -0.0005174218, -0.0013163117, -0.012662281, -0.010338342, -0.013455962, 0.012795139, -0.009921454, -0.033754505, 0.010088366, -0.01606875, 0.029714502, -0.0034713815, -0.007362386, -0.0011889171, 0.010913625, 0.015253364, 0.021322804, 0.017719928, 0.0023648452, 0.016196419, 0.0071783843, -0.008990622, 0.0009974068, -0.018305719, -0.0397694, -0.019076178, -0.011278821, 0.022819642, -0.001650845, -0.016803272, 0.0051326863, 0.004023881, -0.0067167287, 0.011615871, -0.007568294, -0.014829344, -0.007559392, -0.008220734, 0.02712833, 0.009123493, -0.034113053, -0.022981927, -0.034302898, -0.005152119, -0.0019290859, -0.01875813, 0.007685344, 0.0069632316, 0.001796113, -0.00012549128, 0.00609995, -0.003337273, -0.010461453, -0.0019256832, 0.012513158, -0.012797124, 9.085211e-05, 0.0014284165, -0.020562518, -0.012662651, -0.02839934, -0.015698083, 0.014807928, -0.0033727172, -0.008399931, 0.013035964, 0.012196293, -0.0032169337, -0.014808897, -0.015770897, 0.008765095, -0.0016333782, 0.0074695866, 0.011108175, -0.0033092813, 0.010024884, -0.017467195, 0.009735635, -0.0076490566, -0.0034549008, 0.0119982995, 0.01769896, -0.008146503, 0.0120531125, 0.005734499, -0.013573445, -0.005571881, 0.005795203, -0.02384403, 0.012102445, -0.03365704, -0.011700811, -0.0029711525, 0.00582536, -0.013667216, 0.006466216, 0.002042344, 0.014780829, -0.0068861004, -0.00412038, -0.006734385, 0.00040537145, 0.0014917535, 0.023561418, -0.0018029923, 0.010242962, -0.005328339, -0.0016531548, -0.009161631, -0.018473368, -0.015685389, 0.014179462, -0.000733234, 0.012017873, -0.009237821, 0.0031090858, 0.004460545, 0.0010416069, 0.019966932, 0.007874738, 0.019166203, -0.0070579015, 0.016846115, 0.0022211059, -0.0005838615, 0.011536697, 0.0046890187, -0.004367056, 0.0048755235, -0.016554054, -0.020723235, -0.00041774425, -0.010403554, 0.005576495, 0.006813095, 0.00296361, -0.005236645, 0.031129442, -0.0018107037, -0.021824311, -0.00025182936, -0.004032423, -0.008527523, 0.0037510649, 0.019334529, -0.0057200775, 0.0070654578, -0.0010367548, 0.00034376062, -0.0050020823, 0.011572806, -0.0033655602, -0.015587674, 0.0044004284, -0.010628919, 0.0008968084, -0.005751228, -0.0044302642, -0.009836948, -0.0008549642, -0.019796997, 0.017616395, -0.0023270047, 0.013218302, -0.00804627, 0.0021808606, -0.004492891, 0.018472105, 0.0063739032, -0.0095796995, 0.0016212645, 0.020514004, -0.018343464, -0.02292265, 0.008757803, 0.012678153, 0.007785906, -0.0055404995, -0.009038754, 0.004384599, -0.011906062, -0.0024267158, -0.024757886, -0.0055543096, -0.0069026696, 0.020121513, 0.0042447005, -0.0010082716, 0.009245893, -0.00894669, -0.014561077, 0.035183214, 0.0028481504, 0.015854659, 0.025741111, 0.008421764, 5.4196258e-05, -0.018275207, 0.0071567707, 0.0058301226, 0.0033292107, 0.014777594, -0.0057775495, 0.00856902, 0.0013509906, -0.0041666445, -0.0034279078, -0.008453707, 0.0040084454, -0.00632431, -0.014028702, 0.0074841757, 0.0022163717, 0.00042211372, 0.0019361008, -0.0007915425, 0.008147875, 0.004439812, 0.014590358, -0.007606868, 0.0024764508, -0.0054289536, 0.008123268, -0.009278561, -0.005035757, 0.0080966875, -0.007793059, -0.017673822, 0.0120910825, -0.004010109, 0.01279297, -0.0116521325, -0.0062298314, 0.008838264, 0.018187294, 0.025112899, 0.026582085, -0.0024477586, 0.009525365, -0.0048170625, -0.0023807387, 0.004005855, -0.01686798, 0.0090267975, -0.018452061, 0.016576512, 0.0048013637, 0.012240279, -0.018241623, 0.09082521, 0.010393537, 0.007863692, 0.005835192, 0.011017041, -0.004474231, 0.003069106, -0.022835338, -0.002557478, -0.002015776, -0.006431847, -0.0015653278, -0.00871014, 0.00863418, -0.008109981, -0.008283825, 0.0017448207, 0.006505198, -0.0024751239, 0.0012180728, -0.007235291, 0.005912314, -0.007935855, -0.025781242, -1.1595769e-05, -0.0035658376, 0.017805213, -0.000117123695, 0.0042570154, 0.011349694, 0.0042212224, -0.009718276, -0.0066555394, -0.008169203, -0.0070257843, 0.005119183, 0.0065030484, 0.012284849, 0.015712751, 0.018162891, 0.0031684542, 0.010069804, 0.0064275037, -0.01446844, -0.00919597, 0.013327819, -0.013944345, 0.007084803, -0.00053979066, 0.001953281, -0.007545141, 0.0016720877, -0.011337223, 0.00268177, -0.00927458, -0.0034266054, 0.012966334, -0.0037676569, 0.012048823, -0.015389535, -0.008926366, -0.0010190539, -0.0056234193, 0.0029134424, 0.00029485524, -0.019344714, 0.020147404, 0.011372614, -0.004370646, -9.3963194e-05, -0.001181717, -0.0048001637, -0.009246346, -0.018867316, 0.03639711, 0.00348641, 0.0060880505, 0.00934371, -0.025014278, -0.027928118, -0.015762566, 0.014413149, -0.0013511841, 0.0059732655, 0.010164761, -0.0029516239, 0.016911393, -0.010983687, 0.017954228, -0.010338306, -0.01011497, 1.1408668e-05, 0.003877482, 0.0025096019, 0.004734099, 0.0029715027, 0.0947433, 0.0007599768, 0.0042573526, -0.009024301, -0.008974421, -0.010486468, 0.0059411526, 0.004077997, 0.01405402, 0.009991728, 0.019446317, 0.012023633, -0.013798607, -0.011212521, 0.0030576643, 0.0025357562, -0.0020186095, 0.0040415735, -0.00040090166, 0.0049961996, -0.007152111, 0.002054468, 0.0049594436, 0.015853394, 0.010992321, -0.0021363006, -0.0022594102, 0.0051417947, 0.005885918, -0.004915607, 0.0059041632, -0.014338579, -0.016932935, -0.0063592223, -0.00822247, 0.011483438, 0.018478287, 0.027748164, 0.0060787164, -0.0021899561, -0.0019001102, -0.0037534935, -0.014751592, 0.018326107, -0.01507871, -0.0016155073, -0.015189812, -0.0027838226, 0.0028178229, -0.0033541773, 0.006684862, -0.004267778, -0.0154445525, -0.01581564, -0.026202545, 0.003484564, 0.0029519123, -0.01158483, -0.00060455647, 0.009041663, -0.013278633, 0.013225436, -0.006107582, -0.012366372, -0.022801658, -0.00048587294, -0.0030251886, -0.0058596614, 0.023683105, 0.006605911, -0.007440939, 0.033995673, -0.0044671004, 0.0004590545, 5.8936737e-05, -0.012482213, -0.020154512, 0.00024401706, -0.0043859673, -1.7749466e-05, 0.0047553773, -0.02107187, 0.0006350131, -0.010072084, -0.00013314221, 0.0031727424, -0.0036229033, -0.0031508566, -0.004776215, -0.024367068, 0.006328015, 0.018226977, -0.0022719526, -0.007887428, -0.008545612, 0.0020633528, 0.005330145, 0.00025960404, -0.012920456, 0.019309634, -0.010362291, -0.012128521, 0.013546677, -0.007982274, 0.0085053835, 0.0036960181, 0.004138918, -0.01295447, 0.012508278, 0.0050365734, 0.010569577, 0.005659592, 0.022714298, -0.018097484, -0.013150281, -0.009444145, 0.019459544, 0.006459566, 0.0008797873, -0.017968219, 0.019048927, 0.00021524128, 0.00773422, -0.013684449, -0.00071632204, 0.0024436335, 0.012831436, 0.0027361806, 0.0042794626, -0.0061957897, -0.012143441, -0.0168588, -0.009146259, 0.01020286, -0.010911892, 0.012151737, -0.026915798, 0.011339651, -0.00082071056, 0.010713204, -0.0062738457, -0.00037341492, 0.00026290526, -0.015423331, 0.010916386, -0.0020081813, 0.00436989, 0.0030360932, -0.005657084, -0.0112309605, 0.00096620206, 0.008589122, 0.0066908984, -0.008244762, 0.0010526219, -0.0031941612, 0.000682533, 0.009970224, 0.0006050769, 0.011079802, -0.0038493536, -0.06610804, 0.0166769, 0.0033349008, 0.0010287518, 0.014164966, -0.004909019, 0.006173635, 0.00022175579, -0.0022294272, -0.013396282, 0.011020174, 0.004305481, 0.02262231, 0.012799896, 0.009840814, 0.0036276835, -0.0056390385, -0.0050907074, -0.0019522429, -0.0059297723, -0.005543218, 0.014247218, 0.011140607, -0.0028504974, -0.008984286, 0.011560288, -0.005758062, 0.0036503403, -0.022877669, 0.019660955, -0.014728699, 0.01118633, 0.011314011, 0.012300023, -0.0017646933, -0.0033020459, 0.007795055, -0.005700277, -0.014153068, -0.0057233395, 0.013759582, -0.005910768, 0.0010992608, -0.010673122, -0.00033733755, -0.011117865, 0.006227687, -0.01264533, -0.0038010678, 0.00092689594, 0.0028315915, 0.011951739, -0.014321122, -0.010081564, 0.010786255, -0.0031902594, 0.009409055, 0.009744077, -0.0005839769, 0.0074040345, 0.032852586, 0.01041852, 0.005343253, 0.0040690303, -0.011317134, 0.00468255, 0.0119101815, 0.0077983835, -0.0054099346, 0.013963581, 0.008151673, -0.0078827385, -0.015558561, 0.004197312, -0.00046720207, -0.007957418, 0.0059285653, 0.010687097, -0.0057024974, 0.002191862, 0.020479219, 0.021892915, 0.0031113413, 0.0071883737, 0.009580218, -0.0069993977, -0.0065844026, -0.0057636118, -0.014625949, -0.0012134074, -0.0026800437, -0.019514734, 0.0074238335, -0.020474955, 0.0012899432, 0.024250366, -0.0051980177, 0.0009964793, 0.008278435, 0.01881757, -0.011011251, -0.016392881, -0.016168227, 0.0065243826, 0.0031327284, -0.003926252, -8.968996e-05, -0.03431227, 0.0010792027, -0.013747317, -0.0036473991, 0.005852754, -0.009241657, 0.014806027, 0.0021712312, 0.0030201317, -0.015796136, -0.0128477495, 0.02176982, -0.012148399, -0.009299265, 0.013942613, -0.010220971, -0.008056869, 0.006103389, -0.0012506738, 0.015215399, -0.0039187563, 0.017777126, -0.002652956, 0.020221967, 0.012898867, 0.001203793, -0.0021310605, 0.0010077496, 0.0024593861, 0.024236588, 0.000901283, -0.011656931, 0.007897795, 0.003853082, -0.007906461, 0.020600054, -0.005450423, 0.0077849124, 0.014819091, 0.006425148, 0.023043446, 0.0010882104, 0.0015597304, -0.010913843, -0.008322132, -0.003923418, 0.004888576, 0.00076381, 0.0050966674, 0.012909939, -0.0022907576, 0.0069987476, -0.01606346, 0.016303392, 0.019295992, -0.01210313, -0.017221823, 0.018882588, 0.006166591, -0.0008988828, -0.011816317, -0.016131114, -0.004307137, -0.0027400597, -0.0061938306, 0.009701401, -0.008268587, 0.0016720555, 0.008937505, 0.029522695, 0.0069592744, 0.005230729, -0.011238108, -0.017799037, -0.0002721007, -0.026575105, 0.018262558, 0.0023338282, 0.0014243802, -0.0051451754, -0.0023158288, 0.004396793, 0.0034517492, 0.0061483006, -0.015643053, 0.013306655, -0.015901616, 0.005481956, 0.012438985, -0.021581115, 0.017251931, 0.0075409706, -0.008189527, -0.0029251245, 0.007687951, -0.0040005003, 0.0072970884, 0.0036157966, -0.08449022, -0.015318966, 0.0021262963, -0.01466189, 0.005668214, -0.012081597, -0.0109850215, 0.0075112064, -0.012303325, -0.0058007822, 0.0029414461, -0.01086282, -0.0045045726, -0.029105991, 0.007942923, -0.0045294357, 0.027183307, -0.032391004, 0.0072425734, -0.009852594, 0.00096894824, 0.013024923, 0.0017099627, 0.0066511934, -0.010854741, 0.00064856844, -0.001589127, -0.0131362025, 0.03365565, 0.014829601, -0.005727561, -0.009154286, 0.0027250533, -0.010737298, 0.003951621, -0.015229533, -0.007694722, 0.0012231073, -0.1401251, 0.0063041835, -0.0016710323, -0.0018084992, -0.006541031, -0.007747153, 0.011398225, 0.009787463, 0.007177411, -0.0027260976, -0.009070356, -0.020006474, -0.013724387, -0.0039371266, -0.0009313791, 0.01427824, -0.007632795, 0.00012637023, 0.018021304, 0.015262359, 0.015128214, -0.009392825, 0.0059425225, 0.0073401514, 0.010739931, 0.01350273, -0.011109004, -0.0020808994, 8.725371e-05, 0.0048684934, 0.002772149, -0.0019722995, -0.008833777, -0.0071056676, -0.027842943, 0.00899704, -0.0022935094, -0.0006425521, 0.009950558, 0.005599351, -0.0004937489, -0.0060073556, -0.011585279, -0.012098348, -0.003245122, 0.016685745, 0.0020248923, 0.0022283331, -0.012297988, -0.009058239, -0.008389692, 0.0058864015, -0.0022890077, -0.002708301, -0.0016532418, -0.004833978, -0.008722222, 0.0018526161, 0.024300482, 0.011090581, 0.01294485, 0.0059205857, -0.0116278995, -0.008130553, 0.012636695, 0.011406286, -0.0036132757, 0.026043229]
// // ) YIELD *
// // WITH node, similarity
// // WHERE similarity >= 0.7
// // MATCH (node)-[r]->(m:Entity)
// // RETURN node.name AS source, id(node) AS source_id, type(r) AS relationship, id(r) AS relation_id, m.name AS destination, id(m) AS destination_id, similarity
// // UNION
// // CALL vector_search.search(
// //     "memzero", // 假设这是您向量索引的名称
// //     100,                   // 返回的最近邻居数量
// //     [-0.009765292, -0.007336488, 0.009885705, -0.069582805, -0.0010914386, -0.01304896, 0.0037901707, 0.002237089, 0.012988573, 0.009502317, -0.019620556, -0.021610705, -0.00517641, -0.014692338, 0.11482164, 0.03123468, 0.0033951318, 0.02745785, -0.005646515, -0.01470388, -0.017310288, -0.020117054, 0.013309311, 0.0020301987, 0.02439094, 0.013076992, 0.0011434638, -0.0009524839, 0.0556149, 0.0062030163, 0.007367945, 0.027366757, -0.020692633, 0.033373058, 0.0059781554, -0.02015786, 0.017749567, 0.016738411, -0.010954886, 0.01644949, 0.0056585665, -0.023609214, 0.016039103, 0.01051382, -0.023425736, 0.0026207645, -0.010219263, -0.016741866, -0.0066315373, -0.004955204, -0.01176626, -0.018735932, -0.008412199, -0.15373786, 0.0025696084, 0.010137231, 0.015532624, -0.016163249, -0.009197285, 0.0045756763, 0.003978476, 0.05071841, -0.0049282233, -0.020286946, -0.019748764, 0.0026365353, 0.0055146664, -0.014205052, -0.012177037, -0.012329771, -0.027037878, -0.019550106, -0.023499066, -0.024935625, -0.009768792, -0.014476811, 0.0033109728, 0.013260733, 0.01985017, 0.03151664, 0.0015032418, 0.016651636, 0.008464026, 0.028274644, 0.0009851821, 0.013696763, 0.0015009118, -0.0396862, 0.014899516, -0.0067144386, -0.0260695, 0.0007156396, 0.0016198581, 0.019016989, -0.0013689485, 0.008211865, -0.023845214, 0.016076453, -0.000777702, 0.016528606, 0.005836895, 0.000897469, 0.02153022, -2.112601e-05, 0.0053783953, -0.023267707, 0.0027065233, -0.007687018, -0.0006536159, 0.010725822, -0.0011061993, 0.017188186, 0.0069044824, 0.00030869636, 0.0030449578, -0.16256168, -0.012559025, 0.015366268, -0.02509895, 0.011395845, -0.012498669, 0.0327674, -0.0029616626, 0.018302426, 0.01542793, 0.022807429, -0.0020563812, -0.013347787, 0.012148976, 0.008027221, -0.042697836, -0.007927428, 0.022633294, 0.0075216875, -0.0031954062, 0.002362155, -0.012548518, -0.011206558, -0.0063395505, -0.014650283, 0.005580731, -0.016389258, -0.0027446281, 0.0073319515, 0.0052542803, 0.00043164907, -0.017549276, -0.0032494662, 0.024610009, -0.013365981, 0.0018146335, -0.00802533, -0.02002195, -0.014589481, 0.026671397, -0.062659316, 0.033933267, 0.0070664105, -0.025651984, -0.003064314, -0.005348052, -0.020182503, -0.0059346566, 0.003964315, -0.023751587, 0.0049818982, 0.0018457565, 0.0038339025, 0.023250408, -0.00072591205, 0.011928626, -0.015492945, 0.0072345105, 0.0065261517, 0.017133962, -0.013429896, -0.0029509256, 0.011514202, 0.00053382205, -0.010308874, -0.016591407, 0.0060273837, 0.0057341205, 0.0039252355, -0.004556645, -0.014485176, -0.012197671, -0.016634565, 0.0042166533, 0.0050255167, -0.0031484584, 0.007315736, -0.0006239305, -0.019315325, -0.0043692514, 0.0076175607, 0.024506656, -0.0036751416, 0.00882236, 0.018688789, 0.00034748274, -0.0047171693, -0.0053781783, -0.007371774, -0.027605698, 0.01452609, 0.023016168, -0.014917944, -0.0049827024, 0.028646715, -0.0042133788, 0.00016026564, -0.0021953278, 0.002143256, 0.021517202, 0.00038386046, 0.020129288, -0.016844835, -0.0015023838, -0.0005954834, 0.0033059416, 0.001978743, 0.024551114, -0.0048184297, -0.0032388875, 0.0014082136, 0.010546726, -0.035599764, -0.024666391, 0.0072403722, 0.014422675, 0.022804042, -0.0037968184, 0.023585735, -0.0063132998, -0.009904099, 0.00887163, 0.010188572, 0.020014422, 0.012710374, -0.010429516, 0.013693288, -0.006229833, -0.021890549, -0.011446857, 0.026441839, -0.0020833097, 0.0030755666, -0.012781371, 0.01840807, -0.03289158, 0.0059735, -0.0007192556, -0.027312763, 0.013207763, -0.015766514, 0.008215762, -0.004088803, 0.023484271, -0.023699377, -0.006807289, -0.0026643737, -0.0028682346, -0.0028913969, -0.017927049, -0.017089754, 0.045137566, 0.01758614, -0.026215892, 0.003740824, -0.010385627, 0.0029970803, 0.003949576, 0.025959285, 0.011878219, -0.00013125666, -0.06532966, -0.0019103558, 0.013287454, 0.0046263593, 0.010475931, -0.0024333626, -0.015812986, -0.014292751, 0.0338034, -0.004275956, -0.04406209, -0.029216008, 0.015358722, -0.008984921, -0.0022751426, 0.0022757405, 0.0024666102, 0.02264008, -0.007228797, -0.0141220605, 0.028248677, -0.0034943798, -0.0035407164, 0.0182484, 0.01808482, 0.01811512, -0.0024249924, 0.018183453, -0.0050266036, -0.01345681, 0.035586074, 0.015172758, -0.002840626, -0.0016305436, -0.009406843, 0.017446175, 0.0149465315, -0.032954518, 0.004115004, -0.0101233395, -0.013481362, -0.028659113, 0.0039850967, -0.007953789, 0.0016368423, -0.00389792, 0.010100467, -0.00219458, -0.0041985386, -0.023281075, -0.011631779, -0.0008875172, 0.0028308022, 0.0032707765, 0.019233715, 0.03890351, 0.010655222, 0.00037765663, -0.013923087, -0.015869994, 0.013392821, 0.0130087845, -0.0042863176, 0.00059524644, -0.02592098, -0.0016942994, -0.011977866, -0.0013589239, -0.009644205, -0.004189255, 0.007120218, 0.03830466, -0.010198299, -0.014549873, 0.0012543219, 0.00886876, 0.028276946, 0.008580796, 0.009733619, 0.0060738134, -0.000592996, 0.0017870304, 0.009019942, 0.016142879, -0.009135727, -0.01898538, -0.016169801, 0.007993176, 0.0143951, -0.01589276, 0.0331567, -0.024151303, 0.016122034, 0.02137966, -0.0021285755, -0.01220381, -0.0029310742, -0.009485187, -0.01677903, 0.017045328, 0.0008671067, 0.021017736, 0.015794784, -0.0047850735, 0.011902257, 0.010987277, -0.012847968, 0.007253295, -0.027865123, 0.012570959, -0.005610292, -0.014563856, 0.010806426, 0.036137205, -0.019846011, 0.028371489, 0.005828326, -0.0107656475, -0.0027838824, 0.0109436875, -0.026231434, 0.012387039, 0.015035374, -0.008454937, 0.011615409, 0.0021507929, -0.025601476, 0.012995015, 0.007981202, -0.0369369, 0.011848016, 0.02990037, -0.02006121, -0.020952953, 0.005016551, -0.0019827886, 0.018737037, -0.014925039, 0.016417036, 0.02260085, -0.008610773, 0.00539903, 0.015484168, 0.013566897, -0.03153082, -0.00034763553, 0.008999349, -6.4510525e-05, -0.003705252, -0.025845585, -0.014338038, -0.027428653, -0.011128424, -0.013396826, -0.0028694407, 0.008750927, -0.0071726837, -0.021266736, -0.027795188, -0.017626714, -0.022497337, 0.008719933, -0.013339711, -0.0031682563, -0.020564402, -0.0119271055, 0.0019367809, -0.03316172, -0.010877158, 0.002111658, 0.018660061, -0.0070072305, 0.01114266, 0.024516312, 0.011121635, 0.023064392, 0.012190916, -0.0032450526, 0.024352351, -0.012912833, -0.007309057, -0.01608149, -0.00980124, 0.0066447896, -0.0014945219, 0.009155629, -0.0068091247, 0.002814574, 0.0012938766, -0.013963459, -0.009545847, 0.019841459, -0.021155877, 0.012921243, 0.003502262, 0.033952463, 0.005097534, 0.033786453, 0.015420532, 0.010493367, -0.010011889, -0.0073209843, -0.004039075, 0.0065539093, -0.0018547552, -0.029123312, -0.016946958, 0.009087742, 0.015146384, 0.0023979153, 0.0031925533, 0.010476336, -0.03069134, 0.005659669, 0.034682617, -0.009952299, 0.0101412805, -0.007477483, -0.028720854, -0.0008936722, -0.020519726, 0.0136168515, 0.02017713, 0.011775566, 0.056643646, -0.015735662, -0.016641542, -0.014419262, 0.0054260073, 0.012940945, 0.032477286, -0.03034672, 0.029283194, 0.006482522, -0.023712983, -0.0054811314, -0.004256315, 0.006352551, -0.03778758, 0.015149793, -0.019973028, 0.0011960318, 0.008468091, 0.012576787, 0.0008310136, -0.009123625, -0.016732011, 0.026875725, -0.022797443, -0.010854613, -0.0065362207, 0.0052410765, 0.014413337, 0.016307095, -0.01765328, 0.0012893365, -0.009652385, -0.033316948, 0.018842647, 0.004940683, 0.01783624, 0.0027100618, 0.014132752, 0.031751495, -0.018546714, -0.0274771, 0.0026434439, 0.023040488, 0.0003927791, -0.12288816, 0.026396664, -0.004023855, -0.005663573, -0.004071863, -0.00940259, -0.015070151, -0.012925396, -0.0073821275, -0.017193912, 0.0029232877, -0.011394286, -0.00079695584, -0.0015224966, -0.028218403, -0.026955385, 0.008484448, -0.00033638589, 0.025849026, -0.0036537126, 0.0008351454, 0.026218127, -0.005428403, -0.005239852, -0.00163505, -0.016342737, 0.0017819834, -0.027553478, 0.014568148, 0.0017958769, -0.021126477, -0.033806067, 0.010086007, -0.008646581, -0.0027047875, -0.012156631, -0.014384272, -0.009557304, -0.017896775, 0.0025085055, -0.009148267, 0.0023905262, -0.016339146, 0.0074814833, -0.013446413, 0.021652754, 0.021063004, 0.00046575002, -0.023325186, 0.01577165, -0.009767502, -0.015396663, 0.017678726, 0.0018286665, 0.0008363218, -0.012649094, -0.0042841374, -0.023692522, -0.029075028, 4.7071004e-05, 0.006429446, -0.027187727, -0.0062298854, 0.008185157, 0.003262772, -0.021541942, 0.0044130385, 0.01480019, -0.0020042218, 0.014897989, -0.0353769, 0.005211337, 0.010593952, 0.018200472, -0.010247581, 0.0014335953, 0.025989588, 0.043648537, 0.001818033, 0.005543737, 0.0028902977, -0.009553167, -0.07941557, -0.010195477, 0.010100223, -0.021514948, 0.0067641386, -0.0029833617, 0.012508621, 0.010921206, -0.0075694383, -0.009748693, -0.019240016, 0.031032424, -0.0046702004, -0.015349951, -0.00020865086, 0.019749288, 0.009930834, 0.015223339, -0.036100782, -0.04932732, 0.0079785995, 0.014270828, -0.0052789818, -0.027153296, -0.00014074947, 0.022204105, 0.004889789, 0.010563672, 0.002279865, -0.02145024, -0.04244043, -0.11537014, -0.007889703, -0.01303815, -0.00770719, -0.010257468, 0.0013072884, -0.01851248, 0.0069311224, -0.02807405, 0.008655771, 0.017969254, -0.047087356, -0.03485437, -0.009609063, -0.007610152, 0.15076964, -0.009327984, 0.012626312, -0.018359564, 0.00015449124, -0.0044086515, -0.01596753, -0.0017904938, -0.0112853, -0.0066658277, -0.0070395996, 0.0253282, -0.009514233, -0.006198843, 0.0019899432, 0.008414915, -0.010157835, 0.027093457, -0.010555574, 0.016307326, -0.0004789736, -0.01527388, -0.045978688, 0.005459215, 0.021869402, 0.0061260774, 0.03179844, 0.014108233, 0.018490909, -0.015373962, -0.01091137, 0.009732804, 0.0072131455, -0.018122809, -0.0044053253, -0.001571431, -0.072413586, -0.0023775182, 0.00026281163, -0.012494904, 0.0067588096, 0.012721821, -0.0060351472, 0.02312633, 0.015834376, 0.016208092, -0.0005174218, -0.0013163117, -0.012662281, -0.010338342, -0.013455962, 0.012795139, -0.009921454, -0.033754505, 0.010088366, -0.01606875, 0.029714502, -0.0034713815, -0.007362386, -0.0011889171, 0.010913625, 0.015253364, 0.021322804, 0.017719928, 0.0023648452, 0.016196419, 0.0071783843, -0.008990622, 0.0009974068, -0.018305719, -0.0397694, -0.019076178, -0.011278821, 0.022819642, -0.001650845, -0.016803272, 0.0051326863, 0.004023881, -0.0067167287, 0.011615871, -0.007568294, -0.014829344, -0.007559392, -0.008220734, 0.02712833, 0.009123493, -0.034113053, -0.022981927, -0.034302898, -0.005152119, -0.0019290859, -0.01875813, 0.007685344, 0.0069632316, 0.001796113, -0.00012549128, 0.00609995, -0.003337273, -0.010461453, -0.0019256832, 0.012513158, -0.012797124, 9.085211e-05, 0.0014284165, -0.020562518, -0.012662651, -0.02839934, -0.015698083, 0.014807928, -0.0033727172, -0.008399931, 0.013035964, 0.012196293, -0.0032169337, -0.014808897, -0.015770897, 0.008765095, -0.0016333782, 0.0074695866, 0.011108175, -0.0033092813, 0.010024884, -0.017467195, 0.009735635, -0.0076490566, -0.0034549008, 0.0119982995, 0.01769896, -0.008146503, 0.0120531125, 0.005734499, -0.013573445, -0.005571881, 0.005795203, -0.02384403, 0.012102445, -0.03365704, -0.011700811, -0.0029711525, 0.00582536, -0.013667216, 0.006466216, 0.002042344, 0.014780829, -0.0068861004, -0.00412038, -0.006734385, 0.00040537145, 0.0014917535, 0.023561418, -0.0018029923, 0.010242962, -0.005328339, -0.0016531548, -0.009161631, -0.018473368, -0.015685389, 0.014179462, -0.000733234, 0.012017873, -0.009237821, 0.0031090858, 0.004460545, 0.0010416069, 0.019966932, 0.007874738, 0.019166203, -0.0070579015, 0.016846115, 0.0022211059, -0.0005838615, 0.011536697, 0.0046890187, -0.004367056, 0.0048755235, -0.016554054, -0.020723235, -0.00041774425, -0.010403554, 0.005576495, 0.006813095, 0.00296361, -0.005236645, 0.031129442, -0.0018107037, -0.021824311, -0.00025182936, -0.004032423, -0.008527523, 0.0037510649, 0.019334529, -0.0057200775, 0.0070654578, -0.0010367548, 0.00034376062, -0.0050020823, 0.011572806, -0.0033655602, -0.015587674, 0.0044004284, -0.010628919, 0.0008968084, -0.005751228, -0.0044302642, -0.009836948, -0.0008549642, -0.019796997, 0.017616395, -0.0023270047, 0.013218302, -0.00804627, 0.0021808606, -0.004492891, 0.018472105, 0.0063739032, -0.0095796995, 0.0016212645, 0.020514004, -0.018343464, -0.02292265, 0.008757803, 0.012678153, 0.007785906, -0.0055404995, -0.009038754, 0.004384599, -0.011906062, -0.0024267158, -0.024757886, -0.0055543096, -0.0069026696, 0.020121513, 0.0042447005, -0.0010082716, 0.009245893, -0.00894669, -0.014561077, 0.035183214, 0.0028481504, 0.015854659, 0.025741111, 0.008421764, 5.4196258e-05, -0.018275207, 0.0071567707, 0.0058301226, 0.0033292107, 0.014777594, -0.0057775495, 0.00856902, 0.0013509906, -0.0041666445, -0.0034279078, -0.008453707, 0.0040084454, -0.00632431, -0.014028702, 0.0074841757, 0.0022163717, 0.00042211372, 0.0019361008, -0.0007915425, 0.008147875, 0.004439812, 0.014590358, -0.007606868, 0.0024764508, -0.0054289536, 0.008123268, -0.009278561, -0.005035757, 0.0080966875, -0.007793059, -0.017673822, 0.0120910825, -0.004010109, 0.01279297, -0.0116521325, -0.0062298314, 0.008838264, 0.018187294, 0.025112899, 0.026582085, -0.0024477586, 0.009525365, -0.0048170625, -0.0023807387, 0.004005855, -0.01686798, 0.0090267975, -0.018452061, 0.016576512, 0.0048013637, 0.012240279, -0.018241623, 0.09082521, 0.010393537, 0.007863692, 0.005835192, 0.011017041, -0.004474231, 0.003069106, -0.022835338, -0.002557478, -0.002015776, -0.006431847, -0.0015653278, -0.00871014, 0.00863418, -0.008109981, -0.008283825, 0.0017448207, 0.006505198, -0.0024751239, 0.0012180728, -0.007235291, 0.005912314, -0.007935855, -0.025781242, -1.1595769e-05, -0.0035658376, 0.017805213, -0.000117123695, 0.0042570154, 0.011349694, 0.0042212224, -0.009718276, -0.0066555394, -0.008169203, -0.0070257843, 0.005119183, 0.0065030484, 0.012284849, 0.015712751, 0.018162891, 0.0031684542, 0.010069804, 0.0064275037, -0.01446844, -0.00919597, 0.013327819, -0.013944345, 0.007084803, -0.00053979066, 0.001953281, -0.007545141, 0.0016720877, -0.011337223, 0.00268177, -0.00927458, -0.0034266054, 0.012966334, -0.0037676569, 0.012048823, -0.015389535, -0.008926366, -0.0010190539, -0.0056234193, 0.0029134424, 0.00029485524, -0.019344714, 0.020147404, 0.011372614, -0.004370646, -9.3963194e-05, -0.001181717, -0.0048001637, -0.009246346, -0.018867316, 0.03639711, 0.00348641, 0.0060880505, 0.00934371, -0.025014278, -0.027928118, -0.015762566, 0.014413149, -0.0013511841, 0.0059732655, 0.010164761, -0.0029516239, 0.016911393, -0.010983687, 0.017954228, -0.010338306, -0.01011497, 1.1408668e-05, 0.003877482, 0.0025096019, 0.004734099, 0.0029715027, 0.0947433, 0.0007599768, 0.0042573526, -0.009024301, -0.008974421, -0.010486468, 0.0059411526, 0.004077997, 0.01405402, 0.009991728, 0.019446317, 0.012023633, -0.013798607, -0.011212521, 0.0030576643, 0.0025357562, -0.0020186095, 0.0040415735, -0.00040090166, 0.0049961996, -0.007152111, 0.002054468, 0.0049594436, 0.015853394, 0.010992321, -0.0021363006, -0.0022594102, 0.0051417947, 0.005885918, -0.004915607, 0.0059041632, -0.014338579, -0.016932935, -0.0063592223, -0.00822247, 0.011483438, 0.018478287, 0.027748164, 0.0060787164, -0.0021899561, -0.0019001102, -0.0037534935, -0.014751592, 0.018326107, -0.01507871, -0.0016155073, -0.015189812, -0.0027838226, 0.0028178229, -0.0033541773, 0.006684862, -0.004267778, -0.0154445525, -0.01581564, -0.026202545, 0.003484564, 0.0029519123, -0.01158483, -0.00060455647, 0.009041663, -0.013278633, 0.013225436, -0.006107582, -0.012366372, -0.022801658, -0.00048587294, -0.0030251886, -0.0058596614, 0.023683105, 0.006605911, -0.007440939, 0.033995673, -0.0044671004, 0.0004590545, 5.8936737e-05, -0.012482213, -0.020154512, 0.00024401706, -0.0043859673, -1.7749466e-05, 0.0047553773, -0.02107187, 0.0006350131, -0.010072084, -0.00013314221, 0.0031727424, -0.0036229033, -0.0031508566, -0.004776215, -0.024367068, 0.006328015, 0.018226977, -0.0022719526, -0.007887428, -0.008545612, 0.0020633528, 0.005330145, 0.00025960404, -0.012920456, 0.019309634, -0.010362291, -0.012128521, 0.013546677, -0.007982274, 0.0085053835, 0.0036960181, 0.004138918, -0.01295447, 0.012508278, 0.0050365734, 0.010569577, 0.005659592, 0.022714298, -0.018097484, -0.013150281, -0.009444145, 0.019459544, 0.006459566, 0.0008797873, -0.017968219, 0.019048927, 0.00021524128, 0.00773422, -0.013684449, -0.00071632204, 0.0024436335, 0.012831436, 0.0027361806, 0.0042794626, -0.0061957897, -0.012143441, -0.0168588, -0.009146259, 0.01020286, -0.010911892, 0.012151737, -0.026915798, 0.011339651, -0.00082071056, 0.010713204, -0.0062738457, -0.00037341492, 0.00026290526, -0.015423331, 0.010916386, -0.0020081813, 0.00436989, 0.0030360932, -0.005657084, -0.0112309605, 0.00096620206, 0.008589122, 0.0066908984, -0.008244762, 0.0010526219, -0.0031941612, 0.000682533, 0.009970224, 0.0006050769, 0.011079802, -0.0038493536, -0.06610804, 0.0166769, 0.0033349008, 0.0010287518, 0.014164966, -0.004909019, 0.006173635, 0.00022175579, -0.0022294272, -0.013396282, 0.011020174, 0.004305481, 0.02262231, 0.012799896, 0.009840814, 0.0036276835, -0.0056390385, -0.0050907074, -0.0019522429, -0.0059297723, -0.005543218, 0.014247218, 0.011140607, -0.0028504974, -0.008984286, 0.011560288, -0.005758062, 0.0036503403, -0.022877669, 0.019660955, -0.014728699, 0.01118633, 0.011314011, 0.012300023, -0.0017646933, -0.0033020459, 0.007795055, -0.005700277, -0.014153068, -0.0057233395, 0.013759582, -0.005910768, 0.0010992608, -0.010673122, -0.00033733755, -0.011117865, 0.006227687, -0.01264533, -0.0038010678, 0.00092689594, 0.0028315915, 0.011951739, -0.014321122, -0.010081564, 0.010786255, -0.0031902594, 0.009409055, 0.009744077, -0.0005839769, 0.0074040345, 0.032852586, 0.01041852, 0.005343253, 0.0040690303, -0.011317134, 0.00468255, 0.0119101815, 0.0077983835, -0.0054099346, 0.013963581, 0.008151673, -0.0078827385, -0.015558561, 0.004197312, -0.00046720207, -0.007957418, 0.0059285653, 0.010687097, -0.0057024974, 0.002191862, 0.020479219, 0.021892915, 0.0031113413, 0.0071883737, 0.009580218, -0.0069993977, -0.0065844026, -0.0057636118, -0.014625949, -0.0012134074, -0.0026800437, -0.019514734, 0.0074238335, -0.020474955, 0.0012899432, 0.024250366, -0.0051980177, 0.0009964793, 0.008278435, 0.01881757, -0.011011251, -0.016392881, -0.016168227, 0.0065243826, 0.0031327284, -0.003926252, -8.968996e-05, -0.03431227, 0.0010792027, -0.013747317, -0.0036473991, 0.005852754, -0.009241657, 0.014806027, 0.0021712312, 0.0030201317, -0.015796136, -0.0128477495, 0.02176982, -0.012148399, -0.009299265, 0.013942613, -0.010220971, -0.008056869, 0.006103389, -0.0012506738, 0.015215399, -0.0039187563, 0.017777126, -0.002652956, 0.020221967, 0.012898867, 0.001203793, -0.0021310605, 0.0010077496, 0.0024593861, 0.024236588, 0.000901283, -0.011656931, 0.007897795, 0.003853082, -0.007906461, 0.020600054, -0.005450423, 0.0077849124, 0.014819091, 0.006425148, 0.023043446, 0.0010882104, 0.0015597304, -0.010913843, -0.008322132, -0.003923418, 0.004888576, 0.00076381, 0.0050966674, 0.012909939, -0.0022907576, 0.0069987476, -0.01606346, 0.016303392, 0.019295992, -0.01210313, -0.017221823, 0.018882588, 0.006166591, -0.0008988828, -0.011816317, -0.016131114, -0.004307137, -0.0027400597, -0.0061938306, 0.009701401, -0.008268587, 0.0016720555, 0.008937505, 0.029522695, 0.0069592744, 0.005230729, -0.011238108, -0.017799037, -0.0002721007, -0.026575105, 0.018262558, 0.0023338282, 0.0014243802, -0.0051451754, -0.0023158288, 0.004396793, 0.0034517492, 0.0061483006, -0.015643053, 0.013306655, -0.015901616, 0.005481956, 0.012438985, -0.021581115, 0.017251931, 0.0075409706, -0.008189527, -0.0029251245, 0.007687951, -0.0040005003, 0.0072970884, 0.0036157966, -0.08449022, -0.015318966, 0.0021262963, -0.01466189, 0.005668214, -0.012081597, -0.0109850215, 0.0075112064, -0.012303325, -0.0058007822, 0.0029414461, -0.01086282, -0.0045045726, -0.029105991, 0.007942923, -0.0045294357, 0.027183307, -0.032391004, 0.0072425734, -0.009852594, 0.00096894824, 0.013024923, 0.0017099627, 0.0066511934, -0.010854741, 0.00064856844, -0.001589127, -0.0131362025, 0.03365565, 0.014829601, -0.005727561, -0.009154286, 0.0027250533, -0.010737298, 0.003951621, -0.015229533, -0.007694722, 0.0012231073, -0.1401251, 0.0063041835, -0.0016710323, -0.0018084992, -0.006541031, -0.007747153, 0.011398225, 0.009787463, 0.007177411, -0.0027260976, -0.009070356, -0.020006474, -0.013724387, -0.0039371266, -0.0009313791, 0.01427824, -0.007632795, 0.00012637023, 0.018021304, 0.015262359, 0.015128214, -0.009392825, 0.0059425225, 0.0073401514, 0.010739931, 0.01350273, -0.011109004, -0.0020808994, 8.725371e-05, 0.0048684934, 0.002772149, -0.0019722995, -0.008833777, -0.0071056676, -0.027842943, 0.00899704, -0.0022935094, -0.0006425521, 0.009950558, 0.005599351, -0.0004937489, -0.0060073556, -0.011585279, -0.012098348, -0.003245122, 0.016685745, 0.0020248923, 0.0022283331, -0.012297988, -0.009058239, -0.008389692, 0.0058864015, -0.0022890077, -0.002708301, -0.0016532418, -0.004833978, -0.008722222, 0.0018526161, 0.024300482, 0.011090581, 0.01294485, 0.0059205857, -0.0116278995, -0.008130553, 0.012636695, 0.011406286, -0.0036132757, 0.026043229]
// // ) YIELD *
// // WITH node, similarity
// // WHERE similarity >= 0.7
// // MATCH (m:Entity)-[r]->(node)
// // RETURN m.name AS source, id(m) AS source_id, type(r) AS relationship, id(r) AS relation_id, node.name AS destination, id(node) AS destination_id, similarity
// // ORDER BY similarity DESC


// // WHERE similarity >= 0
// // MATCH (n)-[r]->(m:Entity)
// // RETURN n.name AS source, id(n) AS source_id, type(r) AS relationship, id(r) AS relation_id, m.name AS destination, id(m) AS destination_id, similarity
// // WHERE node.user_id = "test_user_memory_manager_optimized" AND similarity >= 0.7; // 再次确认过滤和相似度，如果search不支持内部过滤
// // WITH node, similarity
// // MATCH (node)-[r]-(neighbor) // 查找与找到的相似节点相关联的边和节点
// // RETURN node.name AS source, id(node) AS source_id, type(r) AS relationship, id(r) AS relation_id, neighbor.name AS destination, id(neighbor) AS destination_id, similarity

// // CALL vector_search.search("memzero", 100, [-0.009765292, -0.007336488, 0.009885705, -0.069582805, -0.0010914386, -0.01304896, 0.0037901707, 0.002237089, 0.012988573, 0.009502317, -0.019620556, -0.021610705, -0.00517641, -0.014692338, 0.11482164, 0.03123468, 0.0033951318, 0.02745785, -0.005646515, -0.01470388, -0.017310288, -0.020117054, 0.013309311, 0.0020301987, 0.02439094, 0.013076992, 0.0011434638, -0.0009524839, 0.0556149, 0.0062030163, 0.007367945, 0.027366757, -0.020692633, 0.033373058, 0.0059781554, -0.02015786, 0.017749567, 0.016738411, -0.010954886, 0.01644949, 0.0056585665, -0.023609214, 0.016039103, 0.01051382, -0.023425736, 0.0026207645, -0.010219263, -0.016741866, -0.0066315373, -0.004955204, -0.01176626, -0.018735932, -0.008412199, -0.15373786, 0.0025696084, 0.010137231, 0.015532624, -0.016163249, -0.009197285, 0.0045756763, 0.003978476, 0.05071841, -0.0049282233, -0.020286946, -0.019748764, 0.0026365353, 0.0055146664, -0.014205052, -0.012177037, -0.012329771, -0.027037878, -0.019550106, -0.023499066, -0.024935625, -0.009768792, -0.014476811, 0.0033109728, 0.013260733, 0.01985017, 0.03151664, 0.0015032418, 0.016651636, 0.008464026, 0.028274644, 0.0009851821, 0.013696763, 0.0015009118, -0.0396862, 0.014899516, -0.0067144386, -0.0260695, 0.0007156396, 0.0016198581, 0.019016989, -0.0013689485, 0.008211865, -0.023845214, 0.016076453, -0.000777702, 0.016528606, 0.005836895, 0.000897469, 0.02153022, -2.112601e-05, 0.0053783953, -0.023267707, 0.0027065233, -0.007687018, -0.0006536159, 0.010725822, -0.0011061993, 0.017188186, 0.0069044824, 0.00030869636, 0.0030449578, -0.16256168, -0.012559025, 0.015366268, -0.02509895, 0.011395845, -0.012498669, 0.0327674, -0.0029616626, 0.018302426, 0.01542793, 0.022807429, -0.0020563812, -0.013347787, 0.012148976, 0.008027221, -0.042697836, -0.007927428, 0.022633294, 0.0075216875, -0.0031954062, 0.002362155, -0.012548518, -0.011206558, -0.0063395505, -0.014650283, 0.005580731, -0.016389258, -0.0027446281, 0.0073319515, 0.0052542803, 0.00043164907, -0.017549276, -0.0032494662, 0.024610009, -0.013365981, 0.0018146335, -0.00802533, -0.02002195, -0.014589481, 0.026671397, -0.062659316, 0.033933267, 0.0070664105, -0.025651984, -0.003064314, -0.005348052, -0.020182503, -0.0059346566, 0.003964315, -0.023751587, 0.0049818982, 0.0018457565, 0.0038339025, 0.023250408, -0.00072591205, 0.011928626, -0.015492945, 0.0072345105, 0.0065261517, 0.017133962, -0.013429896, -0.0029509256, 0.011514202, 0.00053382205, -0.010308874, -0.016591407, 0.0060273837, 0.0057341205, 0.0039252355, -0.004556645, -0.014485176, -0.012197671, -0.016634565, 0.0042166533, 0.0050255167, -0.0031484584, 0.007315736, -0.0006239305, -0.019315325, -0.0043692514, 0.0076175607, 0.024506656, -0.0036751416, 0.00882236, 0.018688789, 0.00034748274, -0.0047171693, -0.0053781783, -0.007371774, -0.027605698, 0.01452609, 0.023016168, -0.014917944, -0.0049827024, 0.028646715, -0.0042133788, 0.00016026564, -0.0021953278, 0.002143256, 0.021517202, 0.00038386046, 0.020129288, -0.016844835, -0.0015023838, -0.0005954834, 0.0033059416, 0.001978743, 0.024551114, -0.0048184297, -0.0032388875, 0.0014082136, 0.010546726, -0.035599764, -0.024666391, 0.0072403722, 0.014422675, 0.022804042, -0.0037968184, 0.023585735, -0.0063132998, -0.009904099, 0.00887163, 0.010188572, 0.020014422, 0.012710374, -0.010429516, 0.013693288, -0.006229833, -0.021890549, -0.011446857, 0.026441839, -0.0020833097, 0.0030755666, -0.012781371, 0.01840807, -0.03289158, 0.0059735, -0.0007192556, -0.027312763, 0.013207763, -0.015766514, 0.008215762, -0.004088803, 0.023484271, -0.023699377, -0.006807289, -0.0026643737, -0.0028682346, -0.0028913969, -0.017927049, -0.017089754, 0.045137566, 0.01758614, -0.026215892, 0.003740824, -0.010385627, 0.0029970803, 0.003949576, 0.025959285, 0.011878219, -0.00013125666, -0.06532966, -0.0019103558, 0.013287454, 0.0046263593, 0.010475931, -0.0024333626, -0.015812986, -0.014292751, 0.0338034, -0.004275956, -0.04406209, -0.029216008, 0.015358722, -0.008984921, -0.0022751426, 0.0022757405, 0.0024666102, 0.02264008, -0.007228797, -0.0141220605, 0.028248677, -0.0034943798, -0.0035407164, 0.0182484, 0.01808482, 0.01811512, -0.0024249924, 0.018183453, -0.0050266036, -0.01345681, 0.035586074, 0.015172758, -0.002840626, -0.0016305436, -0.009406843, 0.017446175, 0.0149465315, -0.032954518, 0.004115004, -0.0101233395, -0.013481362, -0.028659113, 0.0039850967, -0.007953789, 0.0016368423, -0.00389792, 0.010100467, -0.00219458, -0.0041985386, -0.023281075, -0.011631779, -0.0008875172, 0.0028308022, 0.0032707765, 0.019233715, 0.03890351, 0.010655222, 0.00037765663, -0.013923087, -0.015869994, 0.013392821, 0.0130087845, -0.0042863176, 0.00059524644, -0.02592098, -0.0016942994, -0.011977866, -0.0013589239, -0.009644205, -0.004189255, 0.007120218, 0.03830466, -0.010198299, -0.014549873, 0.0012543219, 0.00886876, 0.028276946, 0.008580796, 0.009733619, 0.0060738134, -0.000592996, 0.0017870304, 0.009019942, 0.016142879, -0.009135727, -0.01898538, -0.016169801, 0.007993176, 0.0143951, -0.01589276, 0.0331567, -0.024151303, 0.016122034, 0.02137966, -0.0021285755, -0.01220381, -0.0029310742, -0.009485187, -0.01677903, 0.017045328, 0.0008671067, 0.021017736, 0.015794784, -0.0047850735, 0.011902257, 0.010987277, -0.012847968, 0.007253295, -0.027865123, 0.012570959, -0.005610292, -0.014563856, 0.010806426, 0.036137205, -0.019846011, 0.028371489, 0.005828326, -0.0107656475, -0.0027838824, 0.0109436875, -0.026231434, 0.012387039, 0.015035374, -0.008454937, 0.011615409, 0.0021507929, -0.025601476, 0.012995015, 0.007981202, -0.0369369, 0.011848016, 0.02990037, -0.02006121, -0.020952953, 0.005016551, -0.0019827886, 0.018737037, -0.014925039, 0.016417036, 0.02260085, -0.008610773, 0.00539903, 0.015484168, 0.013566897, -0.03153082, -0.00034763553, 0.008999349, -6.4510525e-05, -0.003705252, -0.025845585, -0.014338038, -0.027428653, -0.011128424, -0.013396826, -0.0028694407, 0.008750927, -0.0071726837, -0.021266736, -0.027795188, -0.017626714, -0.022497337, 0.008719933, -0.013339711, -0.0031682563, -0.020564402, -0.0119271055, 0.0019367809, -0.03316172, -0.010877158, 0.002111658, 0.018660061, -0.0070072305, 0.01114266, 0.024516312, 0.011121635, 0.023064392, 0.012190916, -0.0032450526, 0.024352351, -0.012912833, -0.007309057, -0.01608149, -0.00980124, 0.0066447896, -0.0014945219, 0.009155629, -0.0068091247, 0.002814574, 0.0012938766, -0.013963459, -0.009545847, 0.019841459, -0.021155877, 0.012921243, 0.003502262, 0.033952463, 0.005097534, 0.033786453, 0.015420532, 0.010493367, -0.010011889, -0.0073209843, -0.004039075, 0.0065539093, -0.0018547552, -0.029123312, -0.016946958, 0.009087742, 0.015146384, 0.0023979153, 0.0031925533, 0.010476336, -0.03069134, 0.005659669, 0.034682617, -0.009952299, 0.0101412805, -0.007477483, -0.028720854, -0.0008936722, -0.020519726, 0.0136168515, 0.02017713, 0.011775566, 0.056643646, -0.015735662, -0.016641542, -0.014419262, 0.0054260073, 0.012940945, 0.032477286, -0.03034672, 0.029283194, 0.006482522, -0.023712983, -0.0054811314, -0.004256315, 0.006352551, -0.03778758, 0.015149793, -0.019973028, 0.0011960318, 0.008468091, 0.012576787, 0.0008310136, -0.009123625, -0.016732011, 0.026875725, -0.022797443, -0.010854613, -0.0065362207, 0.0052410765, 0.014413337, 0.016307095, -0.01765328, 0.0012893365, -0.009652385, -0.033316948, 0.018842647, 0.004940683, 0.01783624, 0.0027100618, 0.014132752, 0.031751495, -0.018546714, -0.0274771, 0.0026434439, 0.023040488, 0.0003927791, -0.12288816, 0.026396664, -0.004023855, -0.005663573, -0.004071863, -0.00940259, -0.015070151, -0.012925396, -0.0073821275, -0.017193912, 0.0029232877, -0.011394286, -0.00079695584, -0.0015224966, -0.028218403, -0.026955385, 0.008484448, -0.00033638589, 0.025849026, -0.0036537126, 0.0008351454, 0.026218127, -0.005428403, -0.005239852, -0.00163505, -0.016342737, 0.0017819834, -0.027553478, 0.014568148, 0.0017958769, -0.021126477, -0.033806067, 0.010086007, -0.008646581, -0.0027047875, -0.012156631, -0.014384272, -0.009557304, -0.017896775, 0.0025085055, -0.009148267, 0.0023905262, -0.016339146, 0.0074814833, -0.013446413, 0.021652754, 0.021063004, 0.00046575002, -0.023325186, 0.01577165, -0.009767502, -0.015396663, 0.017678726, 0.0018286665, 0.0008363218, -0.012649094, -0.0042841374, -0.023692522, -0.029075028, 4.7071004e-05, 0.006429446, -0.027187727, -0.0062298854, 0.008185157, 0.003262772, -0.021541942, 0.0044130385, 0.01480019, -0.0020042218, 0.014897989, -0.0353769, 0.005211337, 0.010593952, 0.018200472, -0.010247581, 0.0014335953, 0.025989588, 0.043648537, 0.001818033, 0.005543737, 0.0028902977, -0.009553167, -0.07941557, -0.010195477, 0.010100223, -0.021514948, 0.0067641386, -0.0029833617, 0.012508621, 0.010921206, -0.0075694383, -0.009748693, -0.019240016, 0.031032424, -0.0046702004, -0.015349951, -0.00020865086, 0.019749288, 0.009930834, 0.015223339, -0.036100782, -0.04932732, 0.0079785995, 0.014270828, -0.0052789818, -0.027153296, -0.00014074947, 0.022204105, 0.004889789, 0.010563672, 0.002279865, -0.02145024, -0.04244043, -0.11537014, -0.007889703, -0.01303815, -0.00770719, -0.010257468, 0.0013072884, -0.01851248, 0.0069311224, -0.02807405, 0.008655771, 0.017969254, -0.047087356, -0.03485437, -0.009609063, -0.007610152, 0.15076964, -0.009327984, 0.012626312, -0.018359564, 0.00015449124, -0.0044086515, -0.01596753, -0.0017904938, -0.0112853, -0.0066658277, -0.0070395996, 0.0253282, -0.009514233, -0.006198843, 0.0019899432, 0.008414915, -0.010157835, 0.027093457, -0.010555574, 0.016307326, -0.0004789736, -0.01527388, -0.045978688, 0.005459215, 0.021869402, 0.0061260774, 0.03179844, 0.014108233, 0.018490909, -0.015373962, -0.01091137, 0.009732804, 0.0072131455, -0.018122809, -0.0044053253, -0.001571431, -0.072413586, -0.0023775182, 0.00026281163, -0.012494904, 0.0067588096, 0.012721821, -0.0060351472, 0.02312633, 0.015834376, 0.016208092, -0.0005174218, -0.0013163117, -0.012662281, -0.010338342, -0.013455962, 0.012795139, -0.009921454, -0.033754505, 0.010088366, -0.01606875, 0.029714502, -0.0034713815, -0.007362386, -0.0011889171, 0.010913625, 0.015253364, 0.021322804, 0.017719928, 0.0023648452, 0.016196419, 0.0071783843, -0.008990622, 0.0009974068, -0.018305719, -0.0397694, -0.019076178, -0.011278821, 0.022819642, -0.001650845, -0.016803272, 0.0051326863, 0.004023881, -0.0067167287, 0.011615871, -0.007568294, -0.014829344, -0.007559392, -0.008220734, 0.02712833, 0.009123493, -0.034113053, -0.022981927, -0.034302898, -0.005152119, -0.0019290859, -0.01875813, 0.007685344, 0.0069632316, 0.001796113, -0.00012549128, 0.00609995, -0.003337273, -0.010461453, -0.0019256832, 0.012513158, -0.012797124, 9.085211e-05, 0.0014284165, -0.020562518, -0.012662651, -0.02839934, -0.015698083, 0.014807928, -0.0033727172, -0.008399931, 0.013035964, 0.012196293, -0.0032169337, -0.014808897, -0.015770897, 0.008765095, -0.0016333782, 0.0074695866, 0.011108175, -0.0033092813, 0.010024884, -0.017467195, 0.009735635, -0.0076490566, -0.0034549008, 0.0119982995, 0.01769896, -0.008146503, 0.0120531125, 0.005734499, -0.013573445, -0.005571881, 0.005795203, -0.02384403, 0.012102445, -0.03365704, -0.011700811, -0.0029711525, 0.00582536, -0.013667216, 0.006466216, 0.002042344, 0.014780829, -0.0068861004, -0.00412038, -0.006734385, 0.00040537145, 0.0014917535, 0.023561418, -0.0018029923, 0.010242962, -0.005328339, -0.0016531548, -0.009161631, -0.018473368, -0.015685389, 0.014179462, -0.000733234, 0.012017873, -0.009237821, 0.0031090858, 0.004460545, 0.0010416069, 0.019966932, 0.007874738, 0.019166203, -0.0070579015, 0.016846115, 0.0022211059, -0.0005838615, 0.011536697, 0.0046890187, -0.004367056, 0.0048755235, -0.016554054, -0.020723235, -0.00041774425, -0.010403554, 0.005576495, 0.006813095, 0.00296361, -0.005236645, 0.031129442, -0.0018107037, -0.021824311, -0.00025182936, -0.004032423, -0.008527523, 0.0037510649, 0.019334529, -0.0057200775, 0.0070654578, -0.0010367548, 0.00034376062, -0.0050020823, 0.011572806, -0.0033655602, -0.015587674, 0.0044004284, -0.010628919, 0.0008968084, -0.005751228, -0.0044302642, -0.009836948, -0.0008549642, -0.019796997, 0.017616395, -0.0023270047, 0.013218302, -0.00804627, 0.0021808606, -0.004492891, 0.018472105, 0.0063739032, -0.0095796995, 0.0016212645, 0.020514004, -0.018343464, -0.02292265, 0.008757803, 0.012678153, 0.007785906, -0.0055404995, -0.009038754, 0.004384599, -0.011906062, -0.0024267158, -0.024757886, -0.0055543096, -0.0069026696, 0.020121513, 0.0042447005, -0.0010082716, 0.009245893, -0.00894669, -0.014561077, 0.035183214, 0.0028481504, 0.015854659, 0.025741111, 0.008421764, 5.4196258e-05, -0.018275207, 0.0071567707, 0.0058301226, 0.0033292107, 0.014777594, -0.0057775495, 0.00856902, 0.0013509906, -0.0041666445, -0.0034279078, -0.008453707, 0.0040084454, -0.00632431, -0.014028702, 0.0074841757, 0.0022163717, 0.00042211372, 0.0019361008, -0.0007915425, 0.008147875, 0.004439812, 0.014590358, -0.007606868, 0.0024764508, -0.0054289536, 0.008123268, -0.009278561, -0.005035757, 0.0080966875, -0.007793059, -0.017673822, 0.0120910825, -0.004010109, 0.01279297, -0.0116521325, -0.0062298314, 0.008838264, 0.018187294, 0.025112899, 0.026582085, -0.0024477586, 0.009525365, -0.0048170625, -0.0023807387, 0.004005855, -0.01686798, 0.0090267975, -0.018452061, 0.016576512, 0.0048013637, 0.012240279, -0.018241623, 0.09082521, 0.010393537, 0.007863692, 0.005835192, 0.011017041, -0.004474231, 0.003069106, -0.022835338, -0.002557478, -0.002015776, -0.006431847, -0.0015653278, -0.00871014, 0.00863418, -0.008109981, -0.008283825, 0.0017448207, 0.006505198, -0.0024751239, 0.0012180728, -0.007235291, 0.005912314, -0.007935855, -0.025781242, -1.1595769e-05, -0.0035658376, 0.017805213, -0.000117123695, 0.0042570154, 0.011349694, 0.0042212224, -0.009718276, -0.0066555394, -0.008169203, -0.0070257843, 0.005119183, 0.0065030484, 0.012284849, 0.015712751, 0.018162891, 0.0031684542, 0.010069804, 0.0064275037, -0.01446844, -0.00919597, 0.013327819, -0.013944345, 0.007084803, -0.00053979066, 0.001953281, -0.007545141, 0.0016720877, -0.011337223, 0.00268177, -0.00927458, -0.0034266054, 0.012966334, -0.0037676569, 0.012048823, -0.015389535, -0.008926366, -0.0010190539, -0.0056234193, 0.0029134424, 0.00029485524, -0.019344714, 0.020147404, 0.011372614, -0.004370646, -9.3963194e-05, -0.001181717, -0.0048001637, -0.009246346, -0.018867316, 0.03639711, 0.00348641, 0.0060880505, 0.00934371, -0.025014278, -0.027928118, -0.015762566, 0.014413149, -0.0013511841, 0.0059732655, 0.010164761, -0.0029516239, 0.016911393, -0.010983687, 0.017954228, -0.010338306, -0.01011497, 1.1408668e-05, 0.003877482, 0.0025096019, 0.004734099, 0.0029715027, 0.0947433, 0.0007599768, 0.0042573526, -0.009024301, -0.008974421, -0.010486468, 0.0059411526, 0.004077997, 0.01405402, 0.009991728, 0.019446317, 0.012023633, -0.013798607, -0.011212521, 0.0030576643, 0.0025357562, -0.0020186095, 0.0040415735, -0.00040090166, 0.0049961996, -0.007152111, 0.002054468, 0.0049594436, 0.015853394, 0.010992321, -0.0021363006, -0.0022594102, 0.0051417947, 0.005885918, -0.004915607, 0.0059041632, -0.014338579, -0.016932935, -0.0063592223, -0.00822247, 0.011483438, 0.018478287, 0.027748164, 0.0060787164, -0.0021899561, -0.0019001102, -0.0037534935, -0.014751592, 0.018326107, -0.01507871, -0.0016155073, -0.015189812, -0.0027838226, 0.0028178229, -0.0033541773, 0.006684862, -0.004267778, -0.0154445525, -0.01581564, -0.026202545, 0.003484564, 0.0029519123, -0.01158483, -0.00060455647, 0.009041663, -0.013278633, 0.013225436, -0.006107582, -0.012366372, -0.022801658, -0.00048587294, -0.0030251886, -0.0058596614, 0.023683105, 0.006605911, -0.007440939, 0.033995673, -0.0044671004, 0.0004590545, 5.8936737e-05, -0.012482213, -0.020154512, 0.00024401706, -0.0043859673, -1.7749466e-05, 0.0047553773, -0.02107187, 0.0006350131, -0.010072084, -0.00013314221, 0.0031727424, -0.0036229033, -0.0031508566, -0.004776215, -0.024367068, 0.006328015, 0.018226977, -0.0022719526, -0.007887428, -0.008545612, 0.0020633528, 0.005330145, 0.00025960404, -0.012920456, 0.019309634, -0.010362291, -0.012128521, 0.013546677, -0.007982274, 0.0085053835, 0.0036960181, 0.004138918, -0.01295447, 0.012508278, 0.0050365734, 0.010569577, 0.005659592, 0.022714298, -0.018097484, -0.013150281, -0.009444145, 0.019459544, 0.006459566, 0.0008797873, -0.017968219, 0.019048927, 0.00021524128, 0.00773422, -0.013684449, -0.00071632204, 0.0024436335, 0.012831436, 0.0027361806, 0.0042794626, -0.0061957897, -0.012143441, -0.0168588, -0.009146259, 0.01020286, -0.010911892, 0.012151737, -0.026915798, 0.011339651, -0.00082071056, 0.010713204, -0.0062738457, -0.00037341492, 0.00026290526, -0.015423331, 0.010916386, -0.0020081813, 0.00436989, 0.0030360932, -0.005657084, -0.0112309605, 0.00096620206, 0.008589122, 0.0066908984, -0.008244762, 0.0010526219, -0.0031941612, 0.000682533, 0.009970224, 0.0006050769, 0.011079802, -0.0038493536, -0.06610804, 0.0166769, 0.0033349008, 0.0010287518, 0.014164966, -0.004909019, 0.006173635, 0.00022175579, -0.0022294272, -0.013396282, 0.011020174, 0.004305481, 0.02262231, 0.012799896, 0.009840814, 0.0036276835, -0.0056390385, -0.0050907074, -0.0019522429, -0.0059297723, -0.005543218, 0.014247218, 0.011140607, -0.0028504974, -0.008984286, 0.011560288, -0.005758062, 0.0036503403, -0.022877669, 0.019660955, -0.014728699, 0.01118633, 0.011314011, 0.012300023, -0.0017646933, -0.0033020459, 0.007795055, -0.005700277, -0.014153068, -0.0057233395, 0.013759582, -0.005910768, 0.0010992608, -0.010673122, -0.00033733755, -0.011117865, 0.006227687, -0.01264533, -0.0038010678, 0.00092689594, 0.0028315915, 0.011951739, -0.014321122, -0.010081564, 0.010786255, -0.0031902594, 0.009409055, 0.009744077, -0.0005839769, 0.0074040345, 0.032852586, 0.01041852, 0.005343253, 0.0040690303, -0.011317134, 0.00468255, 0.0119101815, 0.0077983835, -0.0054099346, 0.013963581, 0.008151673, -0.0078827385, -0.015558561, 0.004197312, -0.00046720207, -0.007957418, 0.0059285653, 0.010687097, -0.0057024974, 0.002191862, 0.020479219, 0.021892915, 0.0031113413, 0.0071883737, 0.009580218, -0.0069993977, -0.0065844026, -0.0057636118, -0.014625949, -0.0012134074, -0.0026800437, -0.019514734, 0.0074238335, -0.020474955, 0.0012899432, 0.024250366, -0.0051980177, 0.0009964793, 0.008278435, 0.01881757, -0.011011251, -0.016392881, -0.016168227, 0.0065243826, 0.0031327284, -0.003926252, -8.968996e-05, -0.03431227, 0.0010792027, -0.013747317, -0.0036473991, 0.005852754, -0.009241657, 0.014806027, 0.0021712312, 0.0030201317, -0.015796136, -0.0128477495, 0.02176982, -0.012148399, -0.009299265, 0.013942613, -0.010220971, -0.008056869, 0.006103389, -0.0012506738, 0.015215399, -0.0039187563, 0.017777126, -0.002652956, 0.020221967, 0.012898867, 0.001203793, -0.0021310605, 0.0010077496, 0.0024593861, 0.024236588, 0.000901283, -0.011656931, 0.007897795, 0.003853082, -0.007906461, 0.020600054, -0.005450423, 0.0077849124, 0.014819091, 0.006425148, 0.023043446, 0.0010882104, 0.0015597304, -0.010913843, -0.008322132, -0.003923418, 0.004888576, 0.00076381, 0.0050966674, 0.012909939, -0.0022907576, 0.0069987476, -0.01606346, 0.016303392, 0.019295992, -0.01210313, -0.017221823, 0.018882588, 0.006166591, -0.0008988828, -0.011816317, -0.016131114, -0.004307137, -0.0027400597, -0.0061938306, 0.009701401, -0.008268587, 0.0016720555, 0.008937505, 0.029522695, 0.0069592744, 0.005230729, -0.011238108, -0.017799037, -0.0002721007, -0.026575105, 0.018262558, 0.0023338282, 0.0014243802, -0.0051451754, -0.0023158288, 0.004396793, 0.0034517492, 0.0061483006, -0.015643053, 0.013306655, -0.015901616, 0.005481956, 0.012438985, -0.021581115, 0.017251931, 0.0075409706, -0.008189527, -0.0029251245, 0.007687951, -0.0040005003, 0.0072970884, 0.0036157966, -0.08449022, -0.015318966, 0.0021262963, -0.01466189, 0.005668214, -0.012081597, -0.0109850215, 0.0075112064, -0.012303325, -0.0058007822, 0.0029414461, -0.01086282, -0.0045045726, -0.029105991, 0.007942923, -0.0045294357, 0.027183307, -0.032391004, 0.0072425734, -0.009852594, 0.00096894824, 0.013024923, 0.0017099627, 0.0066511934, -0.010854741, 0.00064856844, -0.001589127, -0.0131362025, 0.03365565, 0.014829601, -0.005727561, -0.009154286, 0.0027250533, -0.010737298, 0.003951621, -0.015229533, -0.007694722, 0.0012231073, -0.1401251, 0.0063041835, -0.0016710323, -0.0018084992, -0.006541031, -0.007747153, 0.011398225, 0.009787463, 0.007177411, -0.0027260976, -0.009070356, -0.020006474, -0.013724387, -0.0039371266, -0.0009313791, 0.01427824, -0.007632795, 0.00012637023, 0.018021304, 0.015262359, 0.015128214, -0.009392825, 0.0059425225, 0.0073401514, 0.010739931, 0.01350273, -0.011109004, -0.0020808994, 8.725371e-05, 0.0048684934, 0.002772149, -0.0019722995, -0.008833777, -0.0071056676, -0.027842943, 0.00899704, -0.0022935094, -0.0006425521, 0.009950558, 0.005599351, -0.0004937489, -0.0060073556, -0.011585279, -0.012098348, -0.003245122, 0.016685745, 0.0020248923, 0.0022283331, -0.012297988, -0.009058239, -0.008389692, 0.0058864015, -0.0022890077, -0.002708301, -0.0016532418, -0.004833978, -0.008722222, 0.0018526161, 0.024300482, 0.011090581, 0.01294485, 0.0059205857, -0.0116278995, -0.008130553, 0.012636695, 0.011406286, -0.0036132757, 0.026043229]) YIELD * RETURN *;




// // 创建一些 entity 节点
// CREATE (:entity {name: "Apple"})
// CREATE (:entity {name: "Banana"})
// CREATE (:entity {name: "Orange"})

// // 创建一些 category 节点
// CREATE (:category {name: "Fruit"})
// CREATE (:category {name: "Electronics"})


// 2. 创建索引

// 创建 entity 节点的索引，假设 name 属性是常用的查询条件
CREATE INDEX entity_name_index ON :entity(name);

// // 创建 category 节点的索引，假设 name 属性是常用的查询条件
// CREATE INDEX category_name_index ON :category(name);

// // 3.  验证索引使用及确保只匹配 entity 节点

// // 清除查询计划缓存，以便看到索引是否被使用
// CALL db.clearQueryCaches();

// // 使用索引查找名为 "Apple" 的 entity 节点
// PROFILE
// MATCH (e:entity {name: "Apple"})
// RETURN e;

// // 使用索引查找名为 "Fruit" 的 category 节点
// PROFILE
// MATCH (c:category {name: "Fruit"})
// RETURN c;

// // 尝试基于entity的index，查找category节点，验证是否生效
// PROFILE
// MATCH (c:entity {name:"Fruit"}) RETURN c
